id,clust_4,LD1,LD2,LD3
307,1,1.3207235692822612,0.6127897609018007,-0.07594884810937302
308,1,0.9024012778454256,0.3921565795918324,-0.0592354387910267
309,1,0.49469625291971936,1.0620316636911546,-0.5730830864623527
395,1,2.766601644684882,1.9850300534949867,-0.42159962998218814
396,1,2.1241856219953035,1.6422952229191143,-0.2828518809067306
397,1,1.1942018241230026,1.2294571427074086,0.004652167775310644
398,1,-0.4555449040217017,0.5293437977676375,-0.34764021555329466
399,1,-0.30324296760563574,0.610300867462588,-0.36421565171074266
484,1,2.083967357556024,1.415732062221001,-0.32015906004411115
485,1,1.8487848843176355,1.3778611415894757,-0.27370633115080506
486,1,1.3719131856055058,1.2584878816603284,-0.0745353876278625
487,1,1.7037558595223954,0.8912260685699138,0.3237526012698415
488,1,1.2826273520324594,1.8448649611155545,-0.490550813978144
489,1,0.7880135304309166,1.4283965278371284,-0.13401541280864832
490,1,-0.1911247571173998,1.0671803599324756,-0.7318547951741056
491,1,-0.11336401634349474,0.12966102783751035,0.43325641158293765
573,1,2.604240602868747,1.4848169794823824,0.178580255204205
574,1,2.601538925341556,1.7843878511705702,0.04438706433259936
575,1,2.9155527791722533,1.7277320595319516,-0.10609468805932722
576,1,2.8693529421272714,1.6184823430070208,0.10823464741435548
577,1,2.5174845108355157,2.302077990103046,-0.21934284969577272
578,1,2.5374315368429343,2.4297254174142577,-0.19236732095582426
579,1,2.2715721619400453,2.9213706554801644,-0.46931362472511123
580,1,0.44246362703910885,1.6147616251325363,-0.7418802948215979
581,1,0.8611381651333723,0.8868273588742701,0.09100832217981558
582,1,0.22088754545802652,-0.5332466093023315,-0.8669226457323965
583,1,0.14152922440138704,-0.8973765374263456,-0.5544554169394473
662,1,2.3621656516267704,1.6317129852736865,-0.07387369135761855
663,1,2.9460392337297288,1.5956950685231162,0.11629424181180097
664,1,2.8184254959451174,1.3685566379765486,-0.09852639238369978
665,1,2.8571021347253387,1.9778756396475365,-0.3368431051125492
666,1,2.7171231482874134,2.1230891194290877,-0.3877249023853435
667,1,1.388388834938815,1.2977435605432162,-0.6122302167727431
668,1,-0.4777926959076997,0.5858446233357207,-0.971075034897583
669,1,-0.5356588806831435,0.8636636021547988,-1.149076906304004
670,1,0.04097300661216746,1.67944181493462,-1.368858708569814
671,1,-0.1070033693013957,1.8435279598557068,-1.3511788535857816
672,1,0.15658678416054078,1.8786749066123671,-0.8615205258902218
673,1,0.7052659105411657,-0.2656776456200882,-0.16346684294203917
751,1,1.957934566940912,1.0122903204004192,0.2298139324941228
752,1,3.0038235352735407,1.5670803167432588,-0.2838010314441948
753,1,2.937334110689557,1.7715379705393417,-0.3195663502959925
754,1,2.468486614972897,1.5467727864934344,-0.4246245414509106
755,1,1.5479239943267418,1.1235722109189072,-0.5641654246055765
756,1,0.41879476770484175,0.6589340940046983,-0.7891472201358841
757,1,-1.2151081554816716,0.36884920294366347,-1.6032596963027974
758,1,-1.2193140624314178,0.4970616106414744,-1.55423099776944
759,1,-0.3553156053703851,1.4215782382624003,-1.4953013718054
760,1,1.06992951946966,2.335060673984447,-0.9229051289495049
761,1,1.2841696559050595,2.5779940077716343,-0.6452117619593025
762,1,0.6801963174069905,2.005954384281012,-0.3400973321831208
763,1,-0.6417216401432613,-1.0247201591097463,0.09738693580731021
841,1,2.833333211501108,1.322942020253571,-0.3253012557886978
842,1,2.6871608114772734,1.5170750775888515,-0.608668155511485
843,1,0.7333864068442196,0.4016786977542032,-0.9279686522707645
844,1,-0.15851269191451853,0.044029152138382655,-1.0049643488685254
845,1,-1.0462259080568002,0.2938355060919054,-1.8058560550790113
846,1,-1.473307012679338,0.4182334134375953,-2.2522892473194958
847,1,-1.3796206692108062,0.487838427313073,-1.8493146743221889
848,1,0.2870833642107139,1.8098688950230044,-1.3074694068109194
849,1,0.9927262413806579,2.557595556725945,-0.7417200303842869
850,1,-0.014497939030983842,1.9969848989749845,-0.8586521941691747
851,1,1.9596826751134766,2.4696600744145174,-0.09686949574954003
852,1,-0.9983333039884407,-0.27189095216929093,0.030692192394098317
929,1,0.34541683280431473,-0.365235956316006,-0.48754766380853065
930,1,2.5419868479401844,1.168567076125486,-0.39981557021675884
931,1,2.4946230726423435,1.0797318923663433,-0.5870468795845001
932,1,1.3993641087614885,0.3950069875505794,-0.7523411650494936
933,1,0.20833563234389452,0.4865758225983763,-1.3206702108778006
934,1,0.7494730168878104,1.2177407705559815,-1.208812324702428
935,1,-1.0617371860439488,0.34689421429498923,-1.5959473572614118
936,1,0.6924922864845986,1.6992052065592524,-1.264078862176955
937,1,1.9072723792733683,2.9303007414395306,-1.3035487769430085
938,1,0.8352208310368235,2.5620952248169178,-1.2767038531790178
939,1,0.2213415403042115,1.6278918495897927,-0.8200089456329713
940,1,1.452144093398157,1.7783108604435691,-0.1520180626355233
941,1,-0.6489790712718124,-0.31593228923486194,0.30714698819910285
1020,1,0.003957852922503335,-0.2122809800924793,-1.0681134170052817
1021,1,-0.08280660323235475,-0.00691997011895773,-1.2997520238524092
1022,1,0.616845187144166,0.5345341368700351,-0.9871113726829839
1023,1,1.0577708069095297,1.1815102465749225,-0.9341627718925444
1024,1,2.407663674238307,2.45699976485753,-0.6400600589158918
1025,1,1.3841687323770966,2.2678458725206445,-1.114814042227829
1026,1,1.2681599105748802,2.573648021075895,-1.459612225881555
1027,1,0.1303850526817204,1.9083390999646943,-1.6159564071413235
1028,1,0.7294037565187332,1.5406670602793227,-0.6777491558135734
1029,1,0.42165102496524254,1.022805617515211,-0.17666996069099605
1030,1,-0.9376472511633865,-1.044133255310385,0.36714614999044537
1109,1,0.5272478948335044,-0.047413791237191916,-0.9711049125053313
1110,1,0.4393077795296254,0.3063765285083748,-0.8073978413956352
1111,1,-0.07981759427327034,0.2972540966224551,-1.1497720102435338
1112,1,-1.1558853735395407,-0.1067331900430786,-1.5510629824306261
1113,1,-1.230490488508417,0.2069687443064205,-1.599870123531051
1114,1,-1.0349721538789034,0.46375076613644206,-1.4515264122492728
1115,1,-1.1890216053445313,0.7477209313224957,-1.8407056453153836
1116,1,-0.8646616410309045,0.9164603239945779,-1.4416361166889158
1117,1,-0.2762546461547824,-0.7145021685580579,-0.3358715969559829
1118,1,-0.4334653764488826,-1.1911052478945157,-0.5345124093526196
1198,1,0.16680732501501172,-0.37310160485307237,-0.7091476723585376
1199,1,1.3355160561107646,0.50681098802134406,-0.4581024566393883
1200,1,0.5324604319974955,0.3466154193152611,-0.8524595514500334
1201,1,-0.3145736054165188,-0.08015138285523465,-0.8824903917695438
1202,1,-0.8115276949475737,0.09584478092290694,-1.467215379498227
1203,1,-0.8980247526788441,0.3756912746361783,-1.4728594333064902
1204,1,-1.2757397770550214,0.6153975829036499,-1.6137144797031862
1205,1,-0.5363473677639153,0.24849489594231952,-0.7245260310587589
1211,1,0.9362758758952714,-1.5473683952613324,-0.2791217861443583
1212,1,1.0080404287060676,-1.6230620008687069,0.2014120284162619
1213,1,1.4144944953048961,-1.1798661324711222,0.5852385995122106
1214,1,3.2185511965101643,0.08325880361227811,-0.4208286411768281
1290,1,0.3772265579221,0.1583363471659307,-0.858024408004064
1291,1,-0.2140962313674588,0.27072159499434423,-1.1695308497614643
1292,1,-1.4211014667029085,0.19742663458050708,-1.6928875904397733
1293,1,-1.757448544049314,0.4410179071036384,-2.0357385163443604
1294,1,-0.5285053448217014,-0.7843333582054484,-0.8271594099656552
1298,1,0.4085438467886864,-1.1156549024616687,-0.9521412114588423
1299,1,0.6860311248304498,-1.3814252900549637,-0.42963290441368496
1300,1,0.9256192401789349,-1.2311724840012128,1.994141616615579
1301,1,0.597006824276363,-1.1004688463095034,0.5765428317069448
1302,1,2.0491872791212047,-0.7209095242128079,-0.22351915814717974
1320,2,0.812178497385504,-1.3434995741603504,-0.9533309115328226
1321,2,0.3309163711313903,-1.5875119065030772,-0.7473012469421285
1322,2,0.42424645654900445,-1.6888878083183727,-0.6502927480285459
1323,2,0.792251142009872,-1.8250292018290388,-0.22077247390830568
1380,1,0.3360735402058132,0.28446010018633533,-0.8385146875374697
1381,1,-1.4197287378418817,-0.003715470952177405,-1.671272974328575
1382,1,-0.8540960392503294,0.3827193291292902,-1.2367549930397967
1383,1,-0.8947354002821208,-0.7799122405491075,-0.8675736108431547
1386,1,0.5317762706188764,-1.4024841868055262,-0.47781491552941824
1387,1,0.8067764336174751,-1.1234481752482905,0.1720292019247045
1388,1,0.8190303555320702,0.28165944238438895,1.1651745374466353
1389,1,1.0020238479190757,-1.2136643838078542,-0.373010941600238
1390,1,1.9869154543517824,-0.452360528443865,-1.0095032715698742
1403,2,2.393231457767172,-0.7034695846056016,-0.4673458470310126
1404,2,0.4480225568483321,-1.7641300767914008,-0.46375378485497093
1406,2,3.2980632142807575,0.0984829408107184,0.08777518117478175
1407,2,1.825888327587931,-0.7372581728799631,-0.21541791340460145
1408,2,0.5923071144052041,-1.2762051727060777,-0.505191682549532
1409,2,0.3635189418498108,-1.3887570270301657,0.3964040690492062
1410,2,0.42227150569871863,-1.5110464503025303,0.6688697830091992
1411,2,0.2883046116148133,-1.8911370871112745,0.12606079531221726
1412,2,0.6284077937150656,-2.0089935827051906,-0.08225850150954242
1469,1,-0.14760491545771626,-0.20381861366621523,-0.8592592166468515
1470,1,-0.08211113231799289,0.2152606070140017,-1.0814738589928472
1471,1,-0.02609905213770941,0.2942151340557385,-1.1191536153724966
1472,1,-0.2973757247745975,-0.6442712687970753,-0.6056529270977984
1473,1,-0.2851583323940584,-1.3963826932771248,-0.8294857732801265
1474,1,0.3795346088788015,-1.120494856826441,-0.4862466136225044
1475,1,0.9073838717011731,-0.7548495978166068,0.9318904366144166
1476,1,0.7360663020875379,-0.4018603419661328,0.3990542074145377
1477,1,0.5196050566117383,-0.7959063599902408,0.3495700981198876
1478,1,0.676900943601926,-1.3884189602851202,-0.1322965616369647
1479,1,1.447866255791372,-1.1068750896681765,-0.6748583835905606
1480,1,3.5494917890881545,0.04601310506448253,-0.31537142458048156
1492,2,1.8270753573231209,-0.9017968676149236,-0.8807700467322629
1493,2,0.452680220748632,-0.9587992970966058,0.15696021476172947
1494,2,0.9076955407352296,-0.8736770322852747,0.2241118926156624
1495,2,2.0069836524592537,-0.4545071481586622,1.6100063604040176
1496,2,1.9654834450556526,-0.2226807173369324,0.9304813584747331
1497,2,0.6470811551755075,-1.2192408376241057,0.7606965926412481
1498,2,0.4296858950276034,-1.3226052095036729,1.5406980203344527
1499,2,-0.05347766428064876,-1.5145574638567234,1.2321074905845233
1500,2,0.022996785249615848,-1.7429674643137263,0.9350661842596213
1501,2,0.39850278966963426,-1.958067909288967,0.4049048102614621
1555,1,-0.3648962056441612,-0.5756901961923829,-0.7227757961579213
1556,1,-0.18485704565532307,-0.528345021646297,-0.6919905160261289
1557,1,0.04396009341903828,-0.3428337385517221,-0.6518356046375215
1558,1,0.245878012375723,-0.16238420294353761,-0.791245143482049
1559,1,0.4001485553989035,0.13842761945568555,-0.6822855779927279
1560,1,-1.138412954327216,-0.20284418080649602,-1.2916472949833224
1561,1,0.248009553010069,-0.1446884557925413,0.025652284783422817
1562,1,0.7327604922705455,-0.8071865169525749,0.09683649093635426
1563,1,1.0191206201780347,-0.8881679748517499,0.2700696995294483
1564,1,1.033804696493895,-0.9282477883362237,-0.025636288765336468
1565,1,0.797734188825827,-0.7540884084421372,-0.0021430490754844322
1566,1,0.9096349017176277,-0.886346178831384,0.34949372470452367
1567,1,0.6142698866075652,-1.3132100898562207,-0.6545657411065756
1568,1,1.302529930434252,-1.2363406467398295,-0.6308113766282631
1582,2,1.3495921664180508,-1.012636035360651,-1.0723198691684015
1583,2,1.006971739012637,-1.3156249916514824,-0.5474052062117651
1584,2,0.3072293567581159,-1.544829123734264,0.4157127333675601
1585,2,-0.24453460144078382,-0.3299410039091374,0.9407530235207516
1586,2,-0.19577068287991375,-0.007070442168686297,0.7754716018172555
1587,2,0.12390904492278826,-0.31864987358223834,0.02588051427936932
1588,2,-0.11792274963444704,-0.818834909740515,-0.37563964088272284
1589,2,0.22620837390900095,-1.3437994058885017,-0.3348412907639248
1590,2,0.4658301188542049,-1.778785751516971,-0.10255887660850893
1642,1,-0.8614259514571245,-0.6248602377477153,-0.8577857805488783
1643,1,-0.5951604975738864,-0.538685505759201,-0.9709763215588288
1644,1,-0.8699715245038653,-0.5601813194789926,-1.2094533855719434
1645,1,-0.4847357969852425,-0.23283233931040437,-1.185554215984626
1646,1,-0.06615551365553718,-0.19956281317706454,-0.8097872666707615
1647,1,-0.4092080215669485,-0.4307694553365887,-0.710492022949389
1648,1,0.14352042112439883,-0.23632066386387185,-0.3068347316709335
1649,1,0.8555932139648559,0.13989110267373206,-0.1640452500153762
1650,1,-0.03258506448268356,-0.26374472395196746,-0.3674627871439848
1651,1,0.5541615780712349,-0.5409855736050183,0.40498494393567874
1652,1,0.8029583368322497,-1.123725319842799,0.16067298580193728
1653,1,0.8421664611438318,-1.2176441928166069,0.3361989260803726
1654,1,0.37332864365850804,-1.474651326802107,-0.22984157386941428
1655,1,1.0120691363281182,-1.142339368624995,0.029481502823063832
1656,1,1.3488081404123935,-0.8819982009324119,-0.7251401361212924
1657,1,2.6260924279636555,-0.355323470294437,-0.5683965430836616
1670,2,3.3793439858734686,-0.017680951363618913,-0.41537414859442323
1671,2,1.2716465903663596,-1.196221431992901,-0.49879252576220623
1672,2,0.3997196558598941,-1.8001590913026173,-0.5795277825024898
1673,2,0.4614090922550498,-1.8270075341646126,0.08411943121221165
1674,2,0.18572204696903272,-1.677954292105297,1.0620402773961497
1675,2,0.034671940770800824,-1.4837186070745962,0.059287508422114665
1676,2,-0.15868470529338063,-1.482429582647892,-0.18994177311373667
1677,2,-7.522823944046131e-4,-1.4745310156121683,0.35781535996276703
1678,2,-0.057447278866170515,-1.6568912910228275,-0.1334662144194735
1679,2,-0.41531777205124154,-1.7083656021521447,-0.37141105624201143
1731,1,-0.891353578050458,-0.6870604657565378,-1.098280018097518
1732,1,-0.9841549176422189,-0.6123770393202552,-1.3482240461668298
1733,1,-0.9599950252773033,-0.5606184012338382,-1.2729907893713612
1734,1,-0.9900478247348736,-0.6892235512459322,-0.9584896785888887
1735,1,-1.2290730580772957,-0.7607552315565569,-0.6720702922446147
1736,1,-0.994566369715513,-0.5804999752974095,-0.4166437140725932
1737,1,-0.7550276590973608,-0.48509824700913384,-0.09265760088644491
1738,1,0.2205662724195866,-0.2397171945503126,0.14260114463824092
1739,1,-0.08231353498006817,-0.47308183419072003,0.12082975734650288
1740,1,0.24788550899191486,-1.2691912863081665,-0.21904538853153524
1741,1,0.9941335088727381,-0.8849378717130396,0.9294603838027469
1742,1,0.40099262326318574,-0.7608216029407883,1.0118697273956596
1743,1,0.8600178794554958,-1.2148036804373965,0.15441198003822354
1744,1,1.3278711649087032,-1.1416189901769933,-0.3039569810748336
1745,1,2.5991554222956785,-0.30669870779772723,-0.36803760046827605
1760,2,2.542997856133816,-0.5919104358110807,-0.08040216673395523
1761,2,0.7861886126402297,-1.6447081982400917,0.07896713707088979
1762,2,0.33568859231991327,-1.771277628956378,0.11426164359110677
1763,2,0.21605225769123804,-1.8733996201021481,-0.07999275089772187
1764,2,-0.18417813411818496,-1.6042900905639348,-0.47911676187121394
1765,2,-0.4969751943706182,-1.4749751838904026,-0.6202180143967823
1766,2,-0.6645908538941759,-1.3171224707029396,-0.5015546741997278
1767,2,-0.5584149917662413,-1.2355267688202192,0.2897708448315345
1768,2,-0.7260792245775266,-1.2828630819631113,-0.10066355741902111
1820,1,-0.9304699261544397,-0.6097422370459835,-1.3419455812157484
1821,1,-0.4839851685250974,-0.6413216696999959,-0.8008447177065352
1822,1,-0.7605135569649506,-0.8873209598856806,-0.422613122520456
1823,1,-0.598157572263088,-0.7367143593661502,-0.18498375545460355
1824,1,-0.6128233929321873,-0.5690788148079526,-0.09862703737039691
1825,1,-0.6811370417599428,-0.3232184207518086,-0.3485396334429038
1826,1,-1.1304158287784718,-0.3039002563517327,-0.6370311911095501
1827,1,0.08425584448693606,0.09002232803545665,-0.11301744607484013
1828,1,0.384248664489342,-0.1778851469393321,0.4575145107059525
1829,1,0.2707263560812386,-1.0422613372107252,0.23271595680620466
1830,1,1.2543184445524058,-0.2752559661916085,0.418750069404178
1831,1,0.664220478359794,-0.1717182672874536,0.2945401090215472
1832,1,0.6325894794493914,0.2108183226088461,0.5289849627523773
1833,1,0.7736914293148659,-1.1572832753429023,-0.5906631867615096
1834,1,1.5668354248370453,-0.8649869433835996,-0.3981753631723468
1835,1,2.427985269445473,-0.43440152327659454,-0.21250105239194536
1849,2,1.3180813925393144,-1.4023186724559227,-0.06860941284554789
1850,2,0.2996910990507893,-1.7772341280768973,-0.025485337429877464
1851,2,-0.22433712277623552,-1.88314924127228,-0.36000719855319846
1852,2,-0.46642610558155573,-1.5869708631663344,-0.6980881559246561
1853,2,-0.5663470971208866,-1.4778596438228382,-0.756352411796121
1854,2,-0.6315638571066782,-1.295572153115061,-0.07802754067747
1855,2,-1.0213014219251924,-0.818227643686131,0.10127496427441686
1856,2,-1.5074728228667211,-0.04901758026051117,-0.38312872553226146
1857,2,-1.7132375425493085,0.16669039909522765,-0.8308864834029536
1858,2,-1.2025413573896624,-0.1980590498138573,-0.1933812585891199
1910,1,-0.6670876922179088,-0.6914536569316608,-0.19377380192326304
1911,1,-0.9019931406770313,-0.647647796742527,-0.296080449006823
1912,1,-1.2769542577391317,-0.777244728362005,-0.5156434355869711
1913,1,-0.4383550456106615,-0.43166561736281667,-0.21419788010428234
1914,1,-0.027418499775846247,0.021521544762561795,-0.2222224411535307
1915,1,-0.7221130193862066,0.016347209243476366,-0.7665470638179162
1916,1,-0.16069154490040968,0.5269485142465462,-0.45858408880976775
1917,1,1.409896923011463,-0.15878243443323742,0.7143458192451388
1918,1,0.27655807732542065,-0.5429762346034778,0.34830751139583066
1919,1,0.9528074602039183,-0.20296055798209567,0.5687681632723691
1920,1,0.23490569938423106,-0.45130346465669285,0.21637872357113552
1921,1,-0.9879243211740807,0.47550356199531457,-0.1932638177924268
1922,1,-0.22340095633420112,0.6836739198682769,0.5815589548974808
1923,1,1.1701691168108668,-0.8763130767791512,1.5832966903944705
1924,1,1.0693696181871317,-0.8646372485676921,0.08992342954500276
1925,1,2.42635904938661,-0.49547369642414263,0.09343558659242845
1937,2,1.1812281192277496,-1.5408622300892283,0.09863164840727084
1938,2,0.05767805466694542,-1.5290969672161259,-0.18573378517359432
1939,2,0.0716807340727541,-1.5790568791942534,0.350007187765291
1940,2,-0.29852835855673354,-1.6315708886020421,-0.1888383534788799
1941,2,-0.4895718866127335,-1.3660812096627795,-0.2820713500966587
1942,2,-1.1133024775748308,-0.48335428669230585,-0.6481910055725193
1943,2,-1.405200856331685,-0.15927953016237956,-1.4485050723873503
1944,2,-1.4343649381440284,-0.0652557570093299,-1.7125168876243457
1945,2,-1.3888893734456351,-0.28596548875858224,-1.1755961395505001
1946,2,-1.2400033607254106,-0.320338201271843,-1.1418065257532728
1947,2,-1.6162211537605073,-0.1343627181458017,-1.0496966661718723
1948,2,-1.4154287221751891,-0.45081975507055105,-0.4949353794306418
1949,2,-1.3720631422359335,-0.609674401605494,-0.6821711083560322
1950,2,-1.3144687711249903,-0.7154832816203531,-0.671425221560859
1951,2,-1.393133009048548,-1.0039233858839847,-1.059584281707385
1952,2,-0.8766928818676312,-1.8593023053239903,-0.3988516714711362
2001,1,-0.6636033930173748,-0.3060259325743828,-0.4438666972137788
2002,1,-1.0430701192401333,-0.30594393985472323,-0.9173122324258034
2003,1,-0.30845556611835656,-0.0927866136818639,-0.6045486105953375
2004,1,0.007525865093480355,-0.21945684213652952,0.12401859746999627
2005,1,-0.05630099781159127,0.040658554941916406,0.18973736550739567
2006,1,0.8376117275691872,-0.03394753428126393,0.2582465870509475
2007,1,0.0857901262925586,-0.3323751072137271,-0.028891078057952907
2008,1,-0.008414709948391184,-0.16230882661302656,0.19625516731646858
2009,1,-0.9040247458112146,0.6931844630708068,-0.281438161233994
2010,1,-1.5748387574147906,0.517974243656909,-0.5779517956222335
2011,1,-1.6060134012937206,0.6774757181179283,-0.5778091839508575
2012,1,-1.2450605124192098,0.21364916939493567,-0.6250530233256273
2013,1,-0.9525404937071316,0.10789309149956494,-0.4307887413123867
2014,1,0.8932423289255236,-0.9022062669907189,-0.08457445202801514
2017,1,1.6152025244232693,-0.9056282430627496,-0.37128934504817424
2018,1,1.2174642083078044,-1.1830778775891178,-0.6144598924393916
2023,2,0.4227017111626427,-1.3352236347185045,-1.2415698833440254
2024,2,0.4563690800078952,-1.5955090710425925,-0.45270196265513035
2025,2,-0.5544219545953106,-0.9542934938269156,-0.3372619938610197
2026,2,-0.29787927087016514,-1.2852836277209603,0.6320928009829845
2027,2,-0.09308769543520168,-1.5616018118300623,0.63960568903291
2028,2,-0.423742544705503,-1.4862154602623696,-0.47909252717001993
2029,2,-0.5785335987198804,-1.379997623674869,-0.9872761411944835
2030,2,-0.6720541294643061,-1.3370344590559258,-0.4662974767579241
2031,2,-1.5515963730357125,-0.22993941624678324,-1.5360428751084
2032,2,-1.2879842595290596,-0.7624997001222058,-1.211987805631884
2033,2,-1.27672548079502,-0.6053109213042652,-1.4795918583086247
2034,2,-1.0779946259095916,-0.8203788937987447,-1.3019354313359996
2035,2,-1.1790716456088366,-0.742615765108081,-1.3560004949516975
2036,2,-1.3965325878200652,-0.5221717802741146,-1.1623255549271032
2037,2,-1.1641565341019726,-0.805388525642133,-0.6273057267958941
2038,2,-1.1560111726798885,-0.8812137342327312,-0.5961280454504362
2039,2,-1.3573518064081782,-0.9328434753779504,-0.9666387166257546
2040,2,-1.145365784563324,-1.0322564676630859,-0.7215980879617695
2041,2,-0.9294639461646127,-1.1945664160677447,-0.3931949082896075
2042,2,-0.8680720678117592,-1.637613871802822,-0.4296551909296273
2091,1,-0.16796502574014627,-0.0334739286701905,-0.4904057261258991
2092,1,-1.0460806090185526,-0.1908657466185167,-1.0016942488892637
2093,1,0.32716180128019884,0.41185568699372055,-0.31849305457845783
2094,1,0.3555760411438428,-0.03591881098435884,-0.08721541164831771
2095,1,0.14727571117586963,-0.23768357265954293,-0.3952342632997727
2096,1,-0.11186218281554922,-0.35776497804462376,-0.0152462459379585
2097,1,-0.08671511032936557,-0.43697676132729635,1.1909668354145782
2098,1,-1.6246947929851654,0.7203062846570123,-0.452620724357917
2099,1,-1.464444057160838,0.21540816655164674,-0.19978211249435057
2100,1,-0.4768223616583993,-1.229395786460788,1.4598772445638732
2101,1,-0.6017240966724,-1.6448594532116374,0.48337441416109816
2102,1,-0.23433402996876163,-1.505015060068687,0.07251581987978094
2103,1,-0.03674585938277608,-1.203766319061881,-0.17358320412091663
2104,1,-0.7180460685231363,-0.6141058447278179,-0.8596758533016536
2105,1,-0.3997444857761187,-0.7677257448928516,-0.7300949438870631
2106,1,-0.47240120118943263,-0.3803693350918773,-0.7863316031386709
2107,1,-0.20160549910606257,-0.9155721661638542,-0.8053609838430802
2108,2,0.08109291715873501,-1.4168072319001084,-1.0870111096648747
2109,2,0.5678139360426541,-1.2669453045264103,-0.8355907034571356
2110,2,0.17161320758591458,-1.3574555631316587,-0.5461006685025627
2111,2,-0.604925801896224,-0.9136338611709951,-0.38549914637628035
2112,2,-0.7691024201277303,-0.5867949908141137,-0.09309633373774506
2113,2,-0.45333973855961385,-1.0587194891768348,0.23901587906135613
2114,2,-0.3064281192081419,-1.3719738814356495,0.2941838794105748
2115,2,-0.5906842885779018,-1.2074400864061434,-0.19213513127370574
2116,2,-0.6072968204793501,-1.3868402791065149,-0.5493504937383189
2117,2,-0.7422556231376857,-1.3799014311554871,-0.5168330999662927
2118,2,-0.635655318661246,-1.264747477847394,-0.4779266718267345
2119,2,-0.9461974183045078,-0.6089841215618068,-0.7382438829004223
2120,2,-1.226924984749213,-0.5872644027849901,-1.6323193369513633
2121,2,-1.1677150463620898,-0.7540013532368139,-1.6762048903304752
2122,2,-0.9822207287704634,-0.9685223924242135,-1.3643376285435165
2123,2,-1.0121500922687383,-1.0734318120109443,-1.0820373453813419
2124,2,-1.0193484681187586,-0.8847548196266392,-1.0186276396818377
2125,2,-1.2171697420900294,-0.8721173860341714,-1.0550553854111282
2126,2,-0.986154315334784,-0.9113786052484955,-1.0582118418052233
2127,2,-1.216933873732171,-0.956889367982222,-0.9173107400827989
2128,2,-1.2421165419368414,-1.0797098357385295,-0.9716467818096872
2129,2,-1.102977356433404,-1.1852879899853224,-0.5682737180579707
2180,1,-0.1779860326344331,0.12570008970027202,-0.9684977136547461
2181,1,0.7281636887908705,0.6676759240771525,-0.25150254342448103
2182,1,0.4300248197761235,0.6421236588607304,-0.24462174666618322
2183,1,0.28261089934348366,0.3663228831171783,0.002052750242023489
2184,1,0.10017289271669386,-0.1593037454197399,-0.4709469558135395
2185,1,5.055708889060498e-4,-0.32158410062419124,0.9013537778412459
2186,1,-0.9562615549235094,0.7171387740430831,0.7010654865247052
2187,1,-1.4849975188892803,0.41451864054445764,-0.3886685313973407
2188,1,-1.130978318770145,0.28901521330946767,-0.2609754119374755
2189,1,-0.28065286177141724,-0.2729345138291873,1.008693113046958
2190,1,-0.35247064756349045,-1.3274465455375122,1.5019388250178762
2191,1,-0.8655201515192518,-1.5969859347700353,0.19969204603423846
2192,1,-0.34724028166841114,-1.2789996488060837,-0.3907962320932841
2193,1,-1.0548869183166192,-0.8450508999063712,-0.48166700729192985
2194,1,-1.3280094799613322,-0.3210125292582078,-1.0044874228005376
2195,1,-1.306049687898001,-0.16534782237332143,-1.2222964064605693
2196,1,-1.4245750463594862,-0.2510916793277214,-1.2929694636236786
2197,2,-0.3348868156859014,-1.4466124675865215,-0.25714180061499825
2198,2,-0.7132171874453161,-1.265925362669185,-0.39626308755892115
2199,2,-0.4081976679388729,-1.4468082099343382,-0.47451180839439594
2200,2,-0.491004626824145,-1.5313473413754601,-0.019389950810184894
2201,2,-0.5472883401453561,-0.5434678991764051,0.4925488171220271
2202,2,-1.9373771975426002,0.5718732159623215,-1.6127001754553394
2203,2,-1.0971200753298889,-0.2263564521927975,-0.6074608883220022
2204,2,-0.621053089959492,-1.0431987859551564,-0.683726785128671
2205,2,-0.8200126968099288,-1.1646269422967497,-0.28969750446101944
2206,2,-1.075926503950432,0.10768944253832219,-0.3546688238360507
2207,2,-1.0061233723085545,-0.16425933798053638,-1.2307312039413116
2208,2,-1.1744919061718417,-0.5196934392637627,-1.2717276282651826
2209,2,-1.3221820445856243,-0.5100083738956562,-1.1142469387014935
2210,2,-0.9915779873992203,-1.0904837735596038,-1.0737472096936398
2211,2,-1.0498335504112448,-1.0501420227159055,-1.3724189550409558
2212,2,-0.830625715481989,-1.3750033447186647,-0.9471483396368643
2213,2,-1.1061562878239528,-1.120638131481062,-1.0568358056471157
2214,2,-1.0613278964204371,-1.00385108690819,-1.033328424645557
2216,2,-1.1231972082271173,-1.1320818172418265,-0.9547702903108495
2217,2,-1.2387759570246983,-0.9589373404994057,-1.0203791813727103
2218,2,-0.9819889994554876,-1.2534883231049816,-0.6781126436985692
2219,2,-0.8187222274905449,-1.3131956952852541,-0.6140430755218708
2270,1,-0.5633286108050267,0.4297080462778576,-1.5110383973393982
2271,1,0.8573590827869949,1.101505702003433,-0.3816894641379709
2272,1,-0.416452272239347,-0.33608900584547413,0.2723325623860441
2273,1,-0.3118086178876862,-0.7912544239973127,0.42977465410229754
2274,1,-0.4328908941453419,0.10259331024954255,1.1123688701770067
2275,1,-1.756272334966623,0.4091162889756311,-0.3985109341976969
2276,1,-1.6938482728634827,0.3483838083606324,-0.9264133343091829
2277,1,-1.4272469291052103,0.20652146584807302,-0.7586009525981501
2278,1,-0.11000579657225129,-0.62608393690269315,0.9502464175550753
2279,1,-0.5352905328006472,-1.7060846251156983,1.9945180977079955
2280,1,-0.8135147826821811,-1.8815465781171365,0.38188645470640775
2281,1,-1.0621902214123145,-1.8012944592263354,-0.12492057439035306
2282,1,-0.9001250076978591,-1.6405992120101063,0.17996344693141625
2283,1,-0.84138292537826,-0.3228845852492813,0.13870696334269472
2284,1,-1.370167301214186,0.11669852431385075,-1.0591611400310297
2285,1,-1.0611574472795724,0.16391579369095027,-0.8119063948103952
2286,2,-0.198593383520709,-1.2905845866544214,0.11130424877938638
2287,2,-0.38805876086564617,-1.252803248874684,-0.008488638784952596
2288,2,-0.4417013510291572,-1.273801294034246,0.04440946909058621
2289,2,-0.4179292781425153,-1.244724368799027,-0.011312008728011011
2290,2,-0.1995264300614864,-1.2633426363723257,0.31865239687344526
2291,2,-0.3870400767002985,-1.055104011856222,0.5161732436815417
2292,2,-1.1876553631116888,0.06531072447957176,-0.3409141480871988
2293,2,-1.4165794351957635,0.01830018049560911,-0.6266620392454141
2294,2,-1.5144161691597784,0.030317515254395633,-0.8998298713217796
2295,2,-1.5450459191590058,-0.011504615856491485,-0.9974380766729941
2296,2,-1.5284834332557737,-0.030142606494882707,-1.2543894364475876
2297,2,-1.2655671741660945,-0.37103743522075483,-0.9254921803102835
2298,2,-1.230005070779083,-0.743892227805201,-0.6979876402683267
2299,2,-1.109448840239644,-0.8973074612688079,-0.8486070845843426
2300,2,-0.7325391310683036,-1.16668869577745,-1.0029681694380865
2301,2,-0.6098967108975397,-1.2634708995104726,-1.1339842273443081
2306,2,-0.9794692117315313,-0.9730378428682294,-1.1532620701942273
2307,2,-1.1055410875190126,-1.041133568645067,-1.2135441108056033
2308,2,-0.6043729165435152,-1.4975175038589605,-0.40011540203728896
2359,1,-0.48867834106194885,0.1980547508477799,-0.9589141853725034
2360,3,-0.007426756567125731,0.03837308675716819,-0.0915128576864653
2361,3,-0.5578307712080022,-0.44154282661034017,0.051788586862434614
2362,1,-0.4978327644997913,-0.5615607579356297,0.4576592528440885
2363,1,-0.6678347097400626,0.13046972296772852,0.436951909674919
2364,1,-1.7269705742180685,0.46442093870425333,-0.9229426741339788
2365,1,-1.3187145631995603,0.19635903296442248,-0.9668487565445067
2366,3,-1.1031365601427567,0.4475878762465604,-0.7889903491061954
2367,3,-0.7320914939068222,0.3335974914226667,0.5475218984955493
2368,1,0.2235263206643271,-1.1160283116499756,1.5728061076633324
2369,1,-0.09975063207657714,-1.3739396190587967,1.0928018121734302
2370,1,0.1373601078916235,-1.677176597640704,2.5885443934514463
2371,1,-1.0091865145610828,0.2980124651515247,0.2907180062498175
2372,1,-0.6097240855046142,0.08418589064722604,0.45631462999569317
2373,1,-1.2455786982761186,0.4561736673827987,-0.5232610489812105
2374,1,-0.6283637063886136,0.2912542972054835,-0.390630725678609
2375,2,-0.5329072813780293,-0.965596895080638,-0.5726854231354377
2376,2,-0.362872687850973,-1.2324939109584452,0.018066755971336876
2377,2,-0.4168219114449988,-1.1540748246195598,0.3603941041831417
2378,2,-0.9627937740302978,-0.8908934063822443,-0.1811672931219535
2379,2,-0.15322369136877115,-1.1130039825808014,0.7369751102681131
2380,2,0.06346563612357378,-1.2779680809309302,1.016505718221639
2381,2,-0.6371147514365948,-0.8574766252315055,0.4992389649473758
2382,2,-1.486309291693167,-0.004657974859105407,-1.0355078807191178
2383,2,-1.3773340728067747,-0.17911673023052177,-0.9487682876275857
2384,2,-1.2249105995308953,-0.3672219272076078,-0.9046193273483555
2385,2,-1.380074298366989,-0.38540126358718063,-0.965638163672856
2386,2,-1.1733527248475992,-0.4562925791483206,-0.9659261346343102
2387,2,-0.9355546807198303,-0.7037205386615033,-0.6001483703112709
2388,2,-0.9073100803637145,-0.9446922733086041,-0.7617618028545787
2389,2,-0.7546761698577296,-1.1716103179578008,-0.7808550965741105
2390,2,-0.866132922498116,-1.20302238668523,-1.06898049651002
2448,3,0.18557382686792484,-0.0879541026618858,-0.32518502592628784
2449,3,-0.035398045122674,-0.6751171461855412,-0.2317852797420922
2450,3,-0.49226452018059175,-0.2350325978295031,-0.285326630889533
2451,1,-0.381149855060792,0.0863822103615487,-0.24809287610369307
2452,1,-0.6695072571046341,0.0624987951998178,-0.25942857520722185
2453,1,-1.2497901216006129,0.3053921915900891,-0.7110155253729405
2454,3,-0.506865004425198,0.46817622751890375,-0.6051480657274962
2455,3,-0.30394622447137276,0.8693979912446904,-0.7245674395197222
2456,3,-0.4717389236934599,0.4605346475866026,0.2658443287437932
2457,3,0.43264289429516145,-0.26472185414402066,1.8691798038041791
2458,1,0.5183194949044806,-0.4951660768088615,1.3716709091687644
2459,1,0.5106349845468071,-0.4775478362641225,2.286754443295812
2460,1,-1.430390447187763,0.388343950729211,-0.010389180662696645
2461,1,-0.6766813570599187,0.3820600929709005,0.5286213408788603
2462,1,-0.36676463193818565,1.1046626127776116,0.26607024143409874
2463,1,-0.20571000916428828,0.7774445302195377,0.2680131381639936
2464,2,-0.17738583784545925,-0.8880225600337353,0.045212148629640556
2465,2,-0.42994191863381653,-0.923565454139273,-0.03152036851469308
2466,2,-0.5443550815893815,-1.1692124904004508,0.017519923960278835
2467,2,-0.9234005094603723,-0.6283830828233975,-0.41139249118718646
2468,2,-1.2519882277855,-0.3056124029612605,-0.5435637340858992
2469,2,-1.6207709995847692,0.021101081336395933,-1.2157536230406891
2470,2,-1.7619056650391323,0.1282596397143455,-1.2026157475546206
2471,2,-1.7854579344679784,0.049193025727619244,-1.4599712923728065
2472,2,-1.2852091659078482,-0.3138921585040582,-0.9995772565544517
2473,2,-0.9714966520416088,-0.748207057569873,-0.5656280645401509
2474,2,-1.0225334318128214,-0.6725284154555218,-0.6964978647462461
2475,2,-1.014656882086358,-0.5203163672185687,-0.9264553510223231
2476,2,-0.7231572932904402,-0.5456616564731435,-1.072178540472244
2477,2,-0.9547843562814913,-0.9164236943958127,-0.8921769656516279
2478,2,-0.881058906597994,-1.1115680853627006,-0.8586564337556956
2479,2,-0.7249510920259004,-1.2324708409708767,-1.019784582205182
2480,2,-1.0329982026870885,-1.2819824337196892,-0.8363985393691423
2536,3,-0.2028039957298337,-0.22993044526320583,-0.9322454856284432
2537,3,0.27463795187156825,0.1012690296532115,-0.5080503995870939
2538,1,0.10009108928675478,-0.39617266434660614,-0.09206708146798001
2539,3,0.47350132752173013,-0.02075454492438228,-0.23555464853176258
2540,3,0.6221381160174339,0.11838221125394593,-0.12140541207775649
2541,3,0.0072788161578169475,0.5666919044503416,-0.39069908024857203
2542,1,-1.434812472407859,0.4048444879744616,-1.344303007345386
2543,1,-0.845512930778618,0.06814262621738709,-0.4521724907455734
2544,1,-0.7961694292714167,0.041546127726625415,-0.5764483759928746
2545,1,-0.12790240741380615,-0.2253617782042176,0.523230691940733
2546,3,0.2507269646900008,-0.35445228104196946,0.9378928249006511
2547,3,-0.21341409916977985,-0.1947757456287812,1.10348760886814
2548,1,-0.12269922082382673,-0.24698170756379856,1.745354296794466
2549,1,-0.8523786227566594,0.07201134262353892,1.3042908753309366
2550,1,-1.4261319829619974,0.6321268250315509,0.31396356301195927
2551,1,-0.43685117540765805,0.556539306425728,1.13099293728647
2552,1,-0.7426950587518105,0.008481248987326717,0.8244973123225781
2553,1,-1.0831659824062658,0.47897228831730343,0.3566218672212136
2554,2,-0.374355494731571,-0.7255925390717146,0.5257811173910562
2555,2,-0.5029106230079231,-0.6648487740404222,0.5747142323527202
2556,2,-1.2647529733091545,0.01035719559178927,-0.5007329660729427
2557,2,-1.6328935378121714,0.3044319174169783,-1.1961553088308043
2558,2,-1.4887784301355274,0.025236907825578914,-1.0906788567743537
2559,2,-1.2597741001775848,-0.23017922567200363,-0.9338940659622595
2560,2,-1.25672732207622,-0.3348716317851664,-1.0519330330719752
2561,2,-1.3183465243636496,-0.4394173795867078,-0.858242766006201
2562,2,-1.2844394787744045,-0.5280710682464465,-0.7986185837825949
2563,2,-0.9301926403340449,-0.5889382743123677,-0.9261081964069249
2564,2,-1.0288388900992995,-0.800190254022972,-1.007100109115448
2565,2,-1.0044561937001006,-0.4981145752146552,-1.2698329552445768
2566,2,-0.9946890747289756,-0.7442652210329572,-1.2214623951188641
2567,2,-0.9668910881899433,-0.8585731666188259,-1.2102612568905644
2568,2,-0.9474387349274871,-1.1365839914911908,-0.8264786234076942
2569,2,-0.6018441450599874,-1.0338159756056458,-1.230964441538706
2625,1,-0.5490690308450035,-0.3453643307239921,-0.9675767412244245
2626,1,-0.135542071953215,-0.41003247884803873,-0.7318933117080799
2627,1,0.20981415933804703,-0.4329542570611967,-0.48351905231083636
2628,3,0.2993225991416141,-0.41903932549402567,-0.366610867979931
2629,3,1.730312336099239,1.032648101743483,0.07135523541182588
2630,3,0.12625929636332706,0.3223344902212367,0.11591206261989395
2631,1,0.1806244979597501,0.04251374767692957,0.18792519583456818
2632,1,-0.4566784590973026,-0.23313854682930246,-0.6332049720624026
2633,3,-0.09619739892378151,-0.2872095333792616,0.10243642223183973
2634,3,0.12232840210679832,-0.5397880192472934,0.5238141262154846
2635,1,-0.10769072960280761,-0.7309788431366111,1.0335597755680006
2636,1,-0.4151788366917526,-0.181162799979532,1.796274554603652
2637,1,-0.3094325692789289,0.3449648192729866,1.5284045152718355
2638,1,0.08443814907782479,0.05759551196925072,1.405722232027194
2639,1,-1.2716249233686714,0.30240467027501616,0.6636529689760416
2640,1,-1.0166118549994199,0.6628472782680883,0.13014505484654204
2641,1,-0.9246250995167157,1.23963156753013,-0.12453584144663962
2642,1,-1.6578929222547416,1.0385121354976197,-0.2625446970653143
2643,1,-2.02858637103784,1.3728725759027336,-1.1343539557926081
2644,1,-1.3559013062117131,0.4029052019439273,-0.25708088737825413
2645,1,-1.5408201608540448,0.45803884772671355,-0.9651388483292068
2646,2,-1.4030579223796158,0.0950443338499069,-0.7868894943714185
2647,2,-1.890875237150929,0.33954782622339363,-1.2732663145242256
2648,2,-1.5406801041986073,-0.12417020664941913,-0.9784219627825552
2649,2,-1.1177090341686358,-0.46899683182332996,-0.8410774092742738
2650,2,-0.9806977149686585,-0.7833237016862253,-0.7425344342785232
2651,2,-1.0896369630497513,-0.8282083588187126,-0.9438070158796188
2652,2,-1.0823010126702473,-0.43834591356089614,-1.203961716240942
2653,2,-1.1489624394483884,-0.6665393886766767,-1.3082927690606998
2654,2,-0.8627600719357076,-0.7293231309960442,-1.1842766848789046
2655,2,-1.0058788146426587,-0.8101909446538815,-1.2366251655830305
2656,2,-0.8899794331425039,-0.8263214470334486,-1.1217771036953854
2657,2,-1.1778356988281042,-0.8222454383803417,-1.254953373550648
2658,2,-1.011575539265667,-1.1889625939960526,-1.1238714445442233
2714,1,0.22457990630394736,-0.10021952056094185,-0.7961566513926859
2715,1,0.2882678069701042,-0.19427383610742754,-0.5822876277612375
2716,1,-0.10881225363687716,-0.445720489575119,-0.4210579662357904
2717,3,-0.043623235159710255,-0.3169579837062704,-0.606628663037186
2718,3,0.22257898361619854,-0.03262672442695541,-0.21888878530913028
2719,3,-0.6777349263246933,-0.962458310368405,0.22160972104357368
2720,1,-1.0969187948429748,-1.0619348985010895,-0.246535361745072
2721,3,-0.39034059145258526,-0.652495977327259,-0.27167213489785297
2722,3,0.6054659669925583,-0.2048576799169276,0.6607311430990715
2723,3,-0.12063791378571845,-0.6307998796563785,0.06500003002284928
2724,1,-0.14449258099776055,-0.6096898142485909,0.39481328085937023
2725,1,-0.683294319494063,-0.6933503608185654,1.0252670709067917
2726,1,-0.7359479885877593,-0.3198685160074225,0.8417119122406347
2727,1,-0.4353718424876063,-0.5546894045573479,0.7172892477256568
2728,2,-0.7647854075085023,-0.5675243191471224,0.544648754507762
2729,1,-1.476705181030334,0.8134437397498508,0.0658570951607276
2730,1,-0.9864515796998343,0.8230955467795735,0.36646917495745923
2731,1,-0.8664025201615116,1.700049870462157,-0.43214000725712653
2732,1,0.6314657308980833,3.488811818796898,-1.3231618885999956
2733,1,-1.6556562464451987,1.4336510372348772,-1.4217535619339965
2734,1,-1.8301262601634274,0.7559579009764711,-0.7068729857386926
2735,1,-1.6526765141882336,0.2661219504242759,-0.7527319565887816
2736,2,-1.6017039152215886,0.02114249588006184,-1.1180195178874375
2737,2,-1.478586989359447,-0.24393479465621118,-1.1823279655230818
2738,2,-1.1119722450346579,-0.40289021114874096,-0.8150623550734093
2739,2,-1.1017618755337626,-0.7492448296544857,-0.7414826546507526
2740,2,-1.0773073959165969,-0.9188684484821392,-0.9524109205354658
2741,2,-1.2774216922249342,-0.737523971258389,-1.3382494305864023
2742,2,-1.2952588241970184,-0.5695425146126205,-1.3849122480607539
2743,2,-1.1580413512737284,-0.8391111405984825,-0.9936200163360732
2744,2,-1.0235705412032816,-0.8667589979186315,-1.2192212001260496
2745,2,-0.7382702304526714,-0.8783590518790105,-1.096761984415863
2746,2,-1.1561739758571736,-0.8366813628868115,-1.0536810854455305
2747,2,-0.5547634334980767,-0.824264555412365,-1.4081960475120512
2803,1,-0.40407146228221635,-0.492772479872165,-0.9361699309646877
2804,1,-0.42102991870035883,-0.6864394877242889,-0.6956433418674509
2805,1,-0.477958773042945,-0.5048067446491791,-0.5519614056260175
2806,1,-0.39777338943089424,-0.7280992213347732,-0.5866681518469838
2807,1,-0.47640191146482647,-1.0036336247505906,0.43179482881869996
2808,1,-0.4236076405448167,-0.860091812015136,-0.25466000408304795
2809,3,-0.04981300139624145,-0.2152534232084133,-0.5122586564391733
2810,3,1.029983446214536,1.54581859437421,0.14285384127288855
2811,3,-0.01713936591595073,-0.6641677874477604,1.1973852146267434
2812,3,-0.08235986501090278,-0.7654572452980054,0.4483662832420804
2813,1,0.0023062083213599704,-0.7465447989615842,0.498417293322088
2814,1,-0.30452962805614514,-0.6715606439315361,0.6316192034209643
2815,1,-0.9402144244263799,-0.7439370926410942,0.28337310587298115
2816,2,-0.9199025083035663,-0.2514487742239936,0.5345266251842106
2817,2,-0.7041194840136931,-0.4348339075233525,0.6113890238691331
2818,1,-1.5355890128898313,0.9452203506561428,0.33596441949289657
2819,1,-1.4116954321514759,0.5283278121557862,0.32808770812429766
2820,2,-1.0571182679534963,0.5566759684577705,0.7417776901619398
2821,1,-1.3351021945983805,1.2977271008970588,-0.7997436339881231
2822,1,-2.033616423006316,1.0540320774424559,-0.879353771847251
2823,1,-2.37230497019793,0.7996007476030019,-0.4794408028588561
2824,1,-1.641802627928496,0.16235814072099564,-0.3744599671845999
2825,2,-1.5339169103021915,-0.20056078383727,-0.8883162275123099
2826,2,-0.9907158196313943,-0.5602123506514765,-0.9472239082240115
2827,2,-1.408409058408389,-0.6133270952472295,-1.122264580363592
2828,2,-1.3946283066889686,-0.6502713682534822,-1.0733009452819007
2829,2,-1.216788131973529,-0.623504457710273,-1.0624556950981607
2830,2,-0.9580224422047527,-0.9135930035497586,-0.9314033494581324
2831,2,-0.9959952931721114,-0.8027921763469869,-1.2156538780354504
2832,2,-1.223187538132247,-0.7817912365561699,-1.3241470780877334
2833,2,-1.1681719501604846,-0.8552975297979674,-1.2813664667983036
2834,2,-0.9622752064793019,-1.0118623654291166,-0.9754755938904619
2835,2,-1.2061301133153457,-0.9451782914407576,-1.1022615012924966
2836,2,-0.14994117899108417,-0.6676222752986765,-1.3689187028279932
2892,1,-0.2441427706556552,-0.40017103703721646,-1.0506965889729638
2893,1,-0.3007968953521263,-0.7745066391617198,-0.6247748173374852
2894,1,-0.3765829674738359,-0.7925859876048563,-0.6642293381705304
2895,1,-0.40238970563288495,-0.9111498816765063,-1.0131962945712414
2896,1,0.05113482457875307,-0.8426880198819483,-0.3745425515004469
2897,3,0.20916500637435073,-1.0435861654194443,-0.0070795031547060405
2898,1,-0.3532697933870736,-1.0262453814950474,-0.6161439529178981
2899,3,-0.48508553741939414,0.5552820806453572,0.1812963972824327
2900,3,-0.11060565081773555,-0.3169522006749801,0.12568971506321222
2901,3,-0.028123902413010632,-0.7999140681673034,0.5637078855791802
2902,1,-0.04928967209331098,-0.7207417942354769,-0.14404616573294493
2903,1,-0.18726238618941304,-0.17520421212478138,0.8750959471230618
2904,1,-0.9915247082026989,-0.12356054220872137,-0.14230897115165486
2905,2,-1.007215440497174,-0.38196953041145193,0.625540209715853
2906,2,-0.7041421442228499,0.009983273393969427,0.5859401172258258
2907,2,-1.8637675363660544,1.4862796367517637,-0.44032225505983946
2908,1,-0.9614067170758349,0.34802754962807303,0.7301231777611553
2909,1,-0.8224874110943821,0.07500057018637629,0.8985025983145618
2910,2,-0.9816174635369193,-0.2811640669443596,1.2050361847716238
2911,2,-1.4952762553058851,0.2735243201812396,0.46341083646615494
2912,1,-1.712494681826926,0.35219895032807746,-0.1819390921565704
2913,2,-1.7710822780876836,-0.13843759480860085,-0.5449790854679464
2914,2,-1.4502611542016697,-0.5093509640247931,-0.69129752229018
2915,2,-1.2232239504140991,-0.7378638697077946,-0.8218291906698654
2916,2,-1.0752586018790335,-0.7981258222304626,-0.9524856045431555
2917,2,-1.1096298824767146,-0.8380684201110579,-0.9452266044615381
2918,2,-1.0164745694497053,-0.8636791524671915,-0.9083775337507307
2919,2,-1.067667611025088,-0.9467307695671636,-0.9284475093432659
2920,2,-0.7236631015836026,-1.0605403356524836,-0.772531557699506
2921,2,-1.0358247273383117,-0.9543733473251927,-0.9889861721905848
2922,1,-0.9851034862784711,-1.0926512106169577,-0.9177490657574549
2923,1,-0.42106388231743686,-0.8109884786073412,-1.152978617958671
2924,2,-0.033218527378995555,-0.4665878407587646,-1.6934794715807275
2980,1,-0.05501155445230155,-0.08612487985140477,-1.316368191333229
2981,1,-0.3308581416881884,-0.511037546280404,-0.9550124436028786
2982,1,-0.4661135787225382,-0.5711923129525751,-0.8695413830782679
2983,3,-0.4040043338557421,-0.9796626402576949,-0.49581059989471854
2984,1,-0.02892956369362437,-1.135504061073099,-0.38364209290256496
2985,3,1.7176153115550448,0.14336767325309774,-0.3359795465609549
2986,3,0.5360981015266991,-0.5181824131192715,-0.6105795149153581
2987,1,-0.4490068703429051,-1.0582513521303998,-1.0858914464011853
2988,1,-0.24507702004964876,-0.9614342858882413,-0.9386113570226781
2989,1,-0.5711811949930679,-0.9101548662336268,-1.3121476096916362
2990,1,-0.5218615830208078,-0.7130213180267276,-1.0395171356049486
2991,1,-0.3399793992004218,-0.9924201068270939,-0.17965055958030685
2992,1,-0.4728437506983667,-0.9559519269257645,-0.06498898964659117
2993,1,-0.8951582795014226,0.5028882903196573,0.3778529563986943
2994,2,-1.1023725488491718,0.014419479441800886,0.1668664187475466
2995,2,-0.8748937314670264,0.2481892436208749,0.8444494176005092
2996,2,-1.2234752193154441,0.7017444949137684,0.3787477209564687
2997,1,-1.9416506716441009,0.6715350214795591,0.06647119512636415
2998,1,-2.159782635621979,0.8145526404035238,-0.05299586705663656
2999,2,-1.3675560657771766,-0.015580749611562417,0.6875354272309379
3000,1,-1.4013104397553675,0.0912255939034391,0.29935942505414004
3001,1,-1.7788158044599707,0.34382558129436214,-0.698674278694806
3002,2,-1.5540764061864547,-0.08021926673637042,-0.83941686587169
3003,2,-1.531777273131203,-0.34447628553138565,-0.47947156904637145
3004,2,-1.3556369092941651,-0.6298122148770265,-0.6426636145116892
3005,2,-1.238354947606315,-0.8081944038851347,-0.7322419252125063
3006,2,-0.9149072353629529,-0.8971332639324265,-0.849433858374074
3007,2,-0.9616879499231312,-0.9613726440139596,-1.1697075423080001
3008,2,-0.978069133383618,-0.9007698262251915,-1.1599820825605582
3009,2,-1.0566171601087886,-1.0214914494957852,-0.9654228423304076
3010,1,-0.7366663611848621,-1.088270826107442,-0.8390670028294814
3011,1,-0.1714974661059795,-0.7779049361535171,-1.041733385547889
3012,1,-0.10315774021334567,-0.734788082710788,-1.1066836561366356
3061,3,0.23283345235367775,-1.3008039003060696,-0.5673670887573775
3062,3,-0.3598264912549548,-1.4365551286656668,-0.6366032284169894
3068,1,-0.212994192643935,-0.36785266962333596,-1.11861715106225
3069,1,-0.15044221500785293,-0.4529458475193848,-0.7233281504154232
3070,3,0.6302010988442268,-0.004181773518055154,-0.3406452784093221
3071,3,0.6403748452614755,0.31714036827615416,-0.7733783602027215
3072,3,0.20132893417947528,-0.9304545058303991,-0.9807514323577846
3073,3,1.021315604993806,-0.3988153283910173,-0.894451537178383
3074,3,1.9025674942906283,0.2551189686461881,-0.3824728971328122
3075,3,0.39619986118664247,-0.8040301628929458,-0.5973204887457453
3076,3,0.8585364875704029,-0.2804678752431423,-0.8337812626156804
3077,3,0.5149772676889257,-0.37905005048126217,-1.135641217268481
3078,3,0.10476864975176403,-0.5530667820404025,-1.2194794249204333
3079,1,-0.4549491172221687,-0.911105926555583,-1.2289117600752528
3080,1,-0.6051681623184473,-1.0811261136802095,-0.6869968156667488
3081,1,-0.725357154623915,-1.1143885354153997,-0.5972780376992469
3082,1,-0.9410427260020392,-0.44219384247357296,0.1922546347697539
3083,2,-1.3420324209608347,0.21857366062513384,-0.07249030130624147
3084,2,-1.075948276343544,0.36596435441263886,0.7684146948420963
3085,2,-2.099819754235867,1.451107041870767,-0.5105915642813995
3086,1,-1.828646326080007,0.6597210499821933,-0.05712925301666741
3087,1,-1.6908597794346374,0.2869334918550338,0.29061908185711915
3088,2,-1.5930340980348006,0.19638560526994775,0.4119682684212651
3089,2,-1.4326725502320525,-0.046870204460509934,-0.05860110442772114
3090,2,-1.3034460347527206,-0.02729960793715558,-0.47853178604847463
3091,2,-1.2304223459769041,-0.20670870075192543,-0.0906829343289456
3092,2,-1.4659143568058361,-0.3513511357033887,0.35505138558240856
3093,2,-1.4528523023179147,-0.32221546651060934,0.01651218848188868
3094,2,-1.2731490029032788,-0.5022929901857267,-0.496879241085433
3095,2,-1.1303714463199512,-0.7067781434091549,-0.8905507387717989
3096,1,-1.009907113435004,-1.0213836729143126,-0.658862845887791
3097,2,-0.7448294291770219,-0.9638787511826156,-0.893875822779809
3098,1,-0.539899147553636,-0.9558149607965167,-1.0036276251430483
3099,1,-0.27670850285582493,-1.1259402274479478,-0.7305701964047305
3103,1,-1.1555176190243237,-1.1779420723264176,-0.6530032618590271
3104,1,-1.1953471517319163,-1.2839187543533104,-0.5160280488644874
3150,3,0.7467605983396497,-0.9767660020657957,-0.8939429546209118
3151,3,1.5931214062902321,-0.39131890752682963,-0.5516926964705351
3152,3,0.4802598304256348,-0.6012764918295006,-0.8023847957195547
3153,3,-0.5263002171976845,-1.154776815789119,-0.530075891121363
3154,3,-0.4010001687505963,-0.7881706969832364,-0.5384050516848173
3156,1,-0.4724334098968814,-0.894067733707232,-0.4506791603498461
3157,3,0.5571019104140283,-0.3448440543983913,-0.8975771058984765
3158,3,0.5951424479893275,-0.4308604979802382,-1.1070703484137314
3159,3,1.9444213234999321,0.4233749128036779,-0.8512372849710095
3160,3,2.3820526435913054,0.6198391458498185,-0.8004116451370038
3161,3,1.5913490842388573,-0.04447455989343729,-0.8351276756299426
3162,3,1.4751741248451278,-0.07948804054490655,-1.0635928886213037
3163,3,1.3761686847653454,-0.025570427138594143,-0.9334353765048152
3164,3,1.7449493130308453,0.2831853916595102,-0.8817049363445576
3165,3,1.74870278740491,0.23490659462839303,-0.8061002857770105
3166,3,0.09843790236544603,-0.7882291650855998,-0.9311886044844918
3167,1,-0.6841342644120548,-1.0240572092951394,-1.3961945342348014
3168,1,-0.7733617657325375,-1.0624396683828712,-1.315132894712774
3169,1,-0.8748201835301461,-1.0816779271289279,-0.7689021808354329
3170,1,-0.8269585294579392,-1.1781929689090846,0.017338826681982243
3171,1,-1.0223331407554568,-0.45044250120426266,0.9401514872560447
3172,2,-1.3731628653596715,-0.10027949347277032,0.5985105442605515
3173,1,-0.12186199468976977,-0.12537914242663506,2.6358582785084597
3174,2,-2.4376131244489363,1.598279332710641,-1.1473559896189283
3175,1,-2.2519034188110076,1.3094864033990317,-1.0642182146091697
3176,1,-1.7298997620386896,0.7525058645291878,-0.5834627507857926
3177,2,-1.5191340522215395,0.16356192145886927,-0.4409275649854857
3178,2,-1.3015271744627497,-0.23469887106531967,-0.23459201442666275
3179,2,-1.2525194419990722,-0.5357125321128948,-0.05377826558660295
3180,2,-1.196652034570993,-0.6321539091755097,-0.2961422725767959
3181,2,-1.1815902838098664,-0.7750424549011087,-0.25646705524109414
3182,2,-1.1446989529437352,-0.9072653008827579,-0.17011159864094702
3183,2,-1.143117141882944,-0.8317755510972986,-0.3714596424510544
3184,2,-0.9418353642654136,-1.0841427201678686,-0.1436610417245447
3185,1,-0.7327016399085868,-1.1541107658402974,-0.2024297520283223
3186,1,-0.7535029769373947,-1.1416208861183106,-0.47875294745581043
3192,1,-1.2050252516336057,-1.1856784026486604,0.26123544313098257
3193,1,-1.1731194012989015,-1.1175367201928983,-0.4140703065852921
3238,3,0.5710642440675283,-0.4993155534384197,0.20566336235525368
3239,3,2.3166065142920806,0.3367520775933428,-0.8356078890439473
3240,3,2.8492351984827415,0.6963684776547925,-0.9659106303730223
3241,3,1.711655393544372,-0.1278083771592986,-0.8323737521175074
3242,3,0.448242958843893,-0.9634810658665427,-0.7472455976220372
3243,3,0.4616173249191128,-0.802340871712697,-0.5819670503617783
3244,1,0.3200687072796354,-0.7618567716628313,-0.9087757197450068
3245,3,1.2857383936396873,-0.19015379177025293,-0.996025864666941
3246,3,2.1593991616730484,0.4904781672825329,-1.1188691717795236
3247,3,1.9376400367448068,0.4163306066652266,-1.2174833692334328
3248,3,1.9051100154470506,0.2606143871701345,-0.9037717706134385
3249,3,2.1178722224906634,0.39886978839049303,-0.8524302205870966
3250,3,1.387576274001941,-0.21945279263303297,-0.8559463907153376
3251,3,1.0952640806799574,-0.25166674760581165,-1.2017127446145965
3252,3,1.1018743219921763,-0.306134030324396,-1.1191771537365547
3253,3,1.2355161119386096,-0.18325672192307274,-1.0870213583109845
3254,1,0.4067210984115377,-0.6880229697674309,-1.0370081233752513
3255,1,-0.4911663178686859,-1.0945409937236086,-1.3173741262931533
3256,1,-0.7692940694287089,-1.1206950780702134,-1.3998724525819837
3257,1,-0.709626737305149,-1.110682476805541,-0.6881533269079617
3258,1,-0.7358806788759369,-1.1097244570562772,-0.6728576186706763
3259,1,-1.1069628445821595,-0.7420549637818992,0.5094950082505866
3260,1,-1.1108861184339485,-0.6821732698944946,0.5187222854875959
3261,1,-1.0338607156427548,-0.31769150786057954,0.26070741141588066
3262,2,-0.6573124084521498,-0.0713830917233591,1.1862148696874004
3263,2,-2.200033520998028,1.0921549298893023,-0.8591845611884457
3264,2,-2.180603905769914,1.3244777395330125,-1.2990636381589917
3265,2,-1.5227602929442359,0.7134606367743971,-0.4996769811895754
3266,2,-1.5404766655353361,0.22557215286442034,-0.7004408495485814
3267,2,-1.460454290791488,-0.14758287795276964,-0.7295114629463412
3268,2,-1.2240075704630555,-0.49212204749258925,-0.47006613896166816
3269,1,-1.1848467916999694,-0.7058219694500764,-0.6812429757031188
3270,2,-1.346872231048384,-0.8763660824211476,-0.8196470424125039
3271,1,-1.2371730142731325,-1.0109394553318884,-0.4944405684947567
3272,1,-1.2071435554612746,-1.1395635360741343,-0.10797227070637998
3273,1,-1.1489287486293585,-1.2342466628304585,-0.10064693923616058
3274,1,-0.5060698024156529,-0.6784507894582401,-0.9159280016820281
3280,1,-1.2524839858558294,-1.5053297872955282,0.23804634144822537
3281,1,-1.298147848394504,-0.8114023554643295,-0.5025732601208637
3282,1,-1.1052070093507003,-0.8501320753614374,-0.5698391874473379
3283,1,-0.6282772395973616,-0.9061255411967484,-0.5586556339436116
3327,3,0.32307251350134186,-0.770378842522997,-1.0534986449333363
3328,3,3.2918133240517813,0.8288752706457887,-0.5830711356341779
3329,3,2.39867352622601,0.33321851065826236,-1.0127541209319355
3330,3,1.9283819150169896,-0.040444093378027235,-1.0256279644721624
3331,3,1.8807758385111173,-0.095632889997409265,-0.9859494749383494
3332,3,2.3366420749548142,0.3793190149585839,-0.8154789018626845
3333,3,2.120513278896034,0.06059224631991844,-0.6964757217790868
3334,3,1.9877075301160319,-0.1425308583301763,-0.42917698793232617
3335,3,1.5744023168227939,-0.4152975160118729,-0.49147021939375324
3336,3,1.5462602428904275,-0.35131108599595906,-0.5324124186899575
3337,3,2.2385936489186373,0.3971555051280744,-0.800089330214921
3338,3,1.6304578949373696,-0.1918825583678434,-0.7450762379824462
3339,3,1.856900941680467,0.11533988853693722,-0.7980934425996293
3340,3,1.1014915491409718,-0.3099926458918272,-0.9624437969697712
3341,1,0.1718043148193552,-0.947791519413994,-1.0672466623883294
3342,1,0.42919666568688697,-0.7308675638323,-1.2500682648148125
3343,1,0.08754050765539939,-0.8361554960223838,-1.37440470400646
3344,1,-0.3599657145239228,-1.0441990123549443,-1.4478379999347801
3345,1,-0.670485077271479,-1.1031505919623061,-1.5521095514547543
3346,1,-0.8403610207660842,-1.178934998969512,-1.2703683571554052
3347,1,-0.4103609105629096,-1.1778125760025575,0.3539728911926559
3348,1,-0.5863449361612918,-1.22826164194688,0.5614984856064346
3349,1,-0.8311171761185494,-0.7630710404107492,1.0163532922066008
3350,1,-1.1427379740715393,0.2753430042820053,0.20408341784115933
3351,1,-1.6688318437747687,0.924141854036007,-1.1290441298423772
3352,1,-1.843120614261748,0.7556067967736587,-0.9298534727685517
3353,1,-1.753862232304548,0.6862184231066836,-0.5528970437172156
3354,1,-1.5197141566192642,0.4260917644099108,-0.4828759309777421
3355,2,-1.651343033390744,0.5533381458652485,-0.1459797784492769
3356,2,-1.5252876994917308,-0.08216600838320887,-0.7282535008529832
3357,1,-1.332281726521266,-0.35056642599096755,-0.670962049602606
3358,1,-1.1218716045245252,-0.707284871303045,-0.884117436499868
3359,1,-1.1200340766459016,-1.054451148631093,-0.5155787398011681
3360,2,-0.7431611972945149,-0.8461372543788679,-0.5321241109325465
3361,2,-1.1021478046529039,-1.0221127502884295,-0.3709919774686291
3362,2,-0.7221092075549493,-0.8922528482321058,-0.4955086872837579
3363,2,-1.0662466071612275,-1.1662045733382742,-0.30070969264530056
3369,1,-1.4211754130953862,-1.0781856661236273,-0.424121392414491
3370,1,-1.494395317930551,-0.6494196996654965,-0.8316349115333087
3371,1,-1.1424036065343446,-0.9931710077514802,-0.35207712835177324
3372,1,-0.8662681500139302,-0.9816326759640099,-0.8569732373474716
3415,3,0.327700278047463,-0.7281145565901246,-1.0886594091658022
3416,3,1.452838336016311,-0.11079746014166125,-0.8338835450490114
3417,3,3.2464147382836956,0.817677286043931,-0.6113694453571232
3418,3,1.7689190341224024,-0.15089337215981646,-1.071089881799704
3419,3,1.9290675359233664,-0.07976734879927005,-0.9939821526170691
3420,3,1.4815907816710743,-0.4166726235134057,-1.0197918597595366
3421,3,2.504589093120381,0.23786353593191434,-0.8025738031610177
3422,3,2.776517650120617,0.6018692530727712,-0.8732623916832463
3423,3,2.819167697262797,0.6868901400879899,-0.6920025524710959
3424,3,2.6680880641869003,0.4378561505229548,-0.39138221014036323
3425,3,1.9639454357847108,-0.04379811369602771,-0.4895884892646016
3426,3,1.9849499862578475,-0.10127808017102247,-0.4093162161709174
3427,3,1.1978502878900934,-0.5088940228350507,-0.6002833545329433
3428,1,0.24797199296678568,-0.9255892239028799,-0.8252433144648372
3429,1,-0.20920998010287462,-1.0279719195935393,-1.22949773128237
3430,1,-0.3577040654312681,-1.0952417911916807,-1.5395743918500528
3431,1,-0.38173862584579943,-1.1506602477751733,-1.229937813761066
3432,1,-0.5739967507064834,-1.2167834911258,-1.1950536771070097
3433,1,-0.5389257975638801,-1.0832361808363813,-1.1967062130671262
3434,1,-0.6653776142908188,-1.1876495754820366,-0.6601808147720118
3435,1,-0.6855932149936188,-1.2455509301952672,-0.39974347497124635
3436,1,-0.8057183017590359,-1.3160266875501918,0.2324837582153624
3437,1,-0.795634559005208,-1.2109958894868915,1.4054682389297388
3438,1,-1.2281030081485778,-0.6892611133347581,1.4584893702206394
3439,1,-1.2275934241549689,0.2802962568411793,-0.003840180208299085
3440,1,-1.1865593501389582,0.30065585377019555,-0.19463101172456632
3441,1,-1.2390496370316884,-0.11864738286013754,-0.416940628996871
3442,1,-1.3892505240780546,-0.16379693927632955,-0.6770144197926878
3443,1,-1.5816948736381296,-0.05263560586113947,-0.7678753646188844
3444,1,-1.5713358761665666,0.09448544213477317,-0.3885508679211449
3445,1,-1.4491555604352115,-0.3402248617748416,-0.64317244125221
3446,1,-1.443507938083695,-0.4179522544906468,-0.711361465987403
3447,1,-1.2514735955877532,-0.6161029142740974,-0.9541924845663569
3448,1,-1.128332300369172,-0.9215334583638408,-0.6931895529244609
3449,1,-1.2904703045259462,-1.0528596535079533,-0.287020651470387
3450,2,-1.1988341048893358,-1.0262467344103694,-0.3273165076013937
3451,2,-1.1862319414898688,-1.1637831776363297,-0.21930151870591202
3459,1,-1.4353866632391599,-0.8454084816215743,-0.19581163162087656
3460,1,-1.1836444667127906,-0.7721373308281311,-0.30873372642013736
3461,1,-1.2688182580774485,-1.024007693129216,-0.3578897581082275
3467,1,-1.3883386198518743,0.5556123356412139,1.674873710081909
3502,3,0.9452826766992697,-0.4396436561717445,-0.968174101639482
3503,3,1.25400933338897,-0.5820695532691847,-0.6808302656128242
3504,3,1.6168722238869568,-0.5371780493801721,-0.5183627809054846
3505,3,2.0724259658754964,-0.10841726693417875,-0.7205558893165904
3506,3,2.8962448616106533,0.5055565037493244,-0.8110843204140807
3507,3,2.803390126714755,0.4980150939007033,-0.8511811821167246
3508,3,2.7703864417568536,0.5213628458544193,-0.8782369732305872
3509,3,3.123531375014298,0.8912065698579799,-0.9008726958303725
3510,3,3.075126877185452,0.8032536527301397,-0.6521209874722443
3511,3,2.772870950889345,0.7049266623482828,-0.9624667327504821
3512,3,2.7883978439983608,0.6977044902579821,-0.9259052601870511
3513,3,1.0132069704988913,-0.5885731726016007,-1.136679853898447
3514,3,1.023011536101866,-0.5910259933938806,-0.9143702537504175
3515,3,0.40358235203832743,-1.027909998469373,-0.7229305037626297
3516,1,-0.1305231969274705,-1.2484512150830396,-0.6883182889477953
3517,1,-0.3804826899653686,-1.3398379179164879,-0.709048071182165
3518,1,-0.5717237841193413,-1.2558364056502747,-1.256642063960333
3519,1,-0.7360710090539264,-1.1756249071969496,-1.3525908039446963
3520,1,-0.6483519355829174,-1.249113734170307,-0.9720598834095351
3521,1,-0.5205008898042925,-1.1719284392041378,-0.6491097896443551
3522,1,-0.5268293572869809,-1.210824063014195,-0.37405727980082903
3523,1,-0.29235353932241703,-1.2970245136310379,0.6610941974793987
3524,1,-0.265744968216185,-1.2029964541881983,0.6302452221518299
3525,1,-0.5434913723580129,-1.1866244422638859,1.0754387089131099
3526,1,-1.443244387042882,-0.7298699049979518,0.45800425203798945
3527,1,-1.5528722699282647,-0.6563846675238683,0.0220334087527237
3528,1,-1.6363485026324516,-0.31159107676274767,-0.24279164011638973
3529,1,-1.5237689804774743,-0.15825527714111265,-0.32795470300612706
3530,1,-1.245412984163948,-0.24882181344489512,-0.9050096201931694
3531,1,-1.1674235584012125,-0.31469103308213037,-1.1219384862530661
3532,1,-1.2444956957784612,-0.5353040317356041,-0.9449276681274849
3533,1,-1.465792139240501,-0.431193111872054,-0.8167539433623352
3534,1,-1.4436721392066822,-0.4866757663449823,-0.6322469359736096
3535,1,-0.9834556210777344,-0.5196542425938575,-0.9345689810451276
3536,1,-1.0083684031066846,-0.5085381105321296,-0.9115054816773339
3537,1,-1.2313045169698544,-0.7329261964960421,-0.8819959864056084
3538,2,-1.290585110502714,-0.8123660636031679,-0.6223034899806468
3539,1,-1.1012252943122203,-0.6844590837205982,-0.942058810762649
3548,1,-1.2407613845649648,-1.1776439148437292,0.8742707046500745
3549,1,-1.105511788641249,-0.6279669428706035,0.18310554683722807
3550,1,-1.2197614595007809,-0.8398136931865315,-0.4858794750340375
3555,1,-1.026829686095465,0.09409106384679333,2.6721246777507046
3556,1,-1.753188139180558,1.0811576749716527,1.1444195186714254
3557,1,-1.3965130556924235,1.2806799385722143,2.052615643081143
3586,3,-0.896225918623689,-1.6492666406577006,-1.0924684108067584
3587,3,-0.14994131107045705,-1.164499612969794,-1.1264195799971806
3589,3,-0.33212903725441045,-1.5137929316488155,-1.23898121593533
3590,3,1.3324041161264595,-0.7373585184993209,-0.5665655308208025
3591,3,2.406490833739636,0.23609675349760395,-0.7713460480022505
3592,3,3.1672665215188682,0.6442182743938951,-0.5697294902323401
3593,3,3.26531756360547,0.9284801302364463,-0.9189828496766279
3594,3,3.3646072540529053,0.9763846902722411,-0.8716172737297119
3595,3,3.247392865942716,0.8928384682142358,-0.6405016962805945
3596,3,3.1878693266360463,0.8636937866792247,-0.6646028085385415
3597,3,3.3260778736407524,0.8361294388216605,-0.5347735114842109
3598,3,3.0836428078147695,0.7066343895339617,-0.589338156310075
3599,3,2.9405275347935267,0.5105247083005482,-0.515682390428559
3600,3,2.409355254012965,0.21329728853865992,-0.6372806205699058
3601,3,1.7101718373960795,-0.25640167847092643,-0.7315307576961945
3602,1,0.3274470392472641,-0.8989388002349659,-1.332792815380174
3603,1,-0.34699397244685437,-1.3245415852941689,-0.9115061026550251
3604,1,-0.6242856693887703,-1.2775970226552167,-0.7133546163758278
3605,1,-0.3489312562058804,-1.293973006762492,-0.9569233356470142
3606,1,-0.40783336574860607,-1.290836085968004,-0.936791966219144
3607,1,-0.6410817709624832,-1.1913460340819095,-1.0324954523505931
3608,1,-0.28541471623869763,-0.946437788127716,-0.6857360719712988
3609,3,-0.1974308446060148,-1.109158251980881,-0.060317476174992196
3610,3,0.08864228641492164,-1.0316542190928395,0.8689262501249779
3611,3,0.37541658425324803,-0.6616569252368067,1.661854531539496
3612,1,-1.2069105457711837,-0.36591316191132717,1.2213263407973947
3613,1,-1.0791245019189621,-0.7955777403610549,1.3458538964802198
3614,1,-0.9053237543883869,-0.3617552568687338,1.558406626443584
3615,1,-1.9654403400366576,0.15611666645399125,0.17960473598523147
3616,1,-1.8613598708659598,-0.0672326950019776,-0.15838439902817497
3617,2,-1.6178769039172964,-0.21551803762444666,-0.4038683930021841
3618,2,-1.609015366965349,-0.3937941808428335,-0.2821352372063217
3619,1,-1.0592189065179776,-0.5041772923540122,-0.7588322057678009
3620,1,-0.9946981055488434,-0.48810176364528807,-1.0502508940033255
3621,1,-1.1584464474567473,-0.5948732372197183,-0.8961231689328693
3622,1,-1.2779531882983886,-0.6569204716704696,-1.0754609092288847
3623,1,-1.1331274306259735,-0.692849089486416,-1.033409560847969
3624,1,-0.9552847869687713,-0.3865485201625848,-1.4248312749448169
3625,1,-1.293880203813126,-0.5715378881076917,-0.45176691317349926
3626,1,-1.2587399291895618,-0.657931517667838,-0.4128787317299843
3627,2,-1.3750526875241749,-0.6920680419874795,-0.48818915601231205
3628,2,-1.0007594728588085,-0.4964669803620402,-1.164458602752574
3629,1,-0.8809895824703784,-0.7920442450071135,-0.5608115269303565
3630,1,-1.2055591783965636,-0.9283505612807921,-0.14704163554418662
3638,1,-1.1070183812556462,-0.6466054728363952,0.6058485745759413
3639,1,-1.3362757325520014,-0.7446035351425527,-0.349672173724256
3644,1,-1.269485119188312,-0.06617774350117434,2.0586672275309486
3645,1,-1.3883247661685074,1.3042658526811497,2.044478241882962
3646,1,-1.4614904411897713,1.466003156766425,1.0389131411152759
3672,3,-0.4151850879122241,-1.4529248706844629,-0.5321006768505699
3673,3,-0.18806461376138017,-1.654861219679722,-0.625140551389088
3674,3,-0.07558871070261408,-1.6168919690252344,-0.5308145230017156
3675,3,0.2109383853205291,-1.5632612671986148,-0.6336343402802063
3676,3,1.011667487451093,-1.173278204745364,-0.3843377092805856
3677,3,0.9133987674093392,-0.9719723383420719,-0.6433153210731026
3678,3,1.2068322452165563,-0.9428042838349447,-0.7132930916282688
3679,3,1.1591660733142595,-0.8751906558492021,-0.7709644035732408
3680,3,0.9618121405894342,-0.8579227315959788,-0.9098311458838148
3681,3,1.2206353169380626,-0.5771469648217822,-0.9486447262606256
3682,3,2.563086477840724,0.3030783772927521,-0.9118390111710861
3683,3,1.7068328830943587,-0.5389714739476855,-0.6437823212749231
3684,3,1.8568828247938822,-0.5732775396534318,-0.3095281357099514
3685,3,2.3618686292830837,-0.07772743618338995,-0.32897569390841974
3686,3,1.3599353416919004,-0.7583717627192278,-0.4758719738139959
3687,3,1.530404427227953,-0.5747242619734316,-0.4855561391045823
3688,3,1.695555297577961,-0.3819669956873175,-0.6969125349107509
3689,3,1.5723389906099703,-0.4444940499735136,-0.7001198187247955
3690,1,0.5869551489584528,-0.8596540457822477,-0.5021146171292336
3691,1,-0.022257280645701427,-1.1628531296204005,-0.3364465924669706
3692,1,-0.4119432014189943,-1.0654293179447427,-0.9002947571242118
3693,1,-0.34690550370991435,-1.1689960094388134,-1.1114088137893263
3694,3,-0.17546059454528384,-1.164784817636528,-1.0723637592080584
3695,3,-0.1932056413363169,-1.2132639596293289,-0.801356366020648
3696,1,-0.38060100848256545,-1.3182872349602202,-0.353608684080555
3697,1,-0.4126723513824153,-1.270827480451888,0.1022936192008322
3698,1,-0.5043482851100283,-1.203092853960975,0.5155063895270106
3699,3,-0.4657060407892678,-0.81460716865495,1.4388700005300077
3700,1,-1.4747620332748301,-0.277979230650486,1.3307293785349963
3701,1,-1.5914289597140332,-0.30473252034510967,0.5114811770362307
3702,1,-1.2007781219201294,-0.17200649559046555,0.9248815303842068
3703,1,-1.4794040258374541,0.25772552550042405,0.2119368889919616
3704,1,-2.0690046652031904,0.452195285395645,0.1985377747984504
3705,1,-1.8190130702962795,-0.009712015175086464,0.23157739265328256
3706,2,-1.4527921513779356,-0.04724119956113182,-0.5161893501344242
3707,2,-1.446683019984691,-0.23701063733800143,-0.31490365309344026
3708,2,-1.5993029503310898,-0.35712611065690647,-0.4122661745288577
3709,2,-1.217271312291193,-0.5115391519166032,-0.6560110648911076
3710,1,-1.8358934463445562,0.039399259842777146,-0.7328270620214664
3711,1,-1.7103388795610168,-0.112529785051801,-0.7066802902438917
3712,1,-1.5517339146845603,-0.5575981022034582,-0.6775086243965025
3713,1,-1.2084488736889816,-0.7083621990562932,-0.8456004607357626
3714,1,-1.2532980027398941,-0.5183673910985109,-0.41554931328296757
3715,1,-1.1208415537595167,-0.465358350048595,0.13256928526950276
3716,2,-1.1576917840408054,-0.5345821375301604,-0.1277861587351452
3717,1,-1.3492705818854844,-0.7058408572361212,-0.897979475088856
3718,1,-1.0013947056530044,-0.6564761458710429,-0.8686135932849371
3719,1,-1.2075924963851294,-0.8002127443268139,-0.5185334265038337
3727,1,-1.117811438699925,-0.7264478761617448,0.9611682802110637
3728,1,-1.1732407311645554,-0.8194626745734295,0.47424814980840296
3733,1,-1.1646441607628542,-0.3959074201760757,2.235777360437139
3734,1,-1.1953060270665405,1.0602887625021231,2.3732411990883966
3760,3,-0.6540828121668592,-1.791008009966121,-0.6071652611813384
3761,3,0.3805968760246781,-1.6387871868961936,-0.14913033981301702
3762,3,0.4753007101391735,-1.626493653462069,-0.10653174492032202
3763,3,0.4840680282942942,-1.6657469192777832,0.029895148686153228
3764,3,0.798724505182411,-1.4027948146694456,-0.15930127804059727
3765,3,1.3117262311341438,-1.0141416076826755,-0.13790740423869646
3766,3,1.6510955570246804,-0.6462948591119841,-0.6428893458539858
3767,3,1.031217603502013,-0.8840822434153335,-0.8200298863162754
3768,1,0.4519631828628032,-1.1427417863992664,-1.0063095594533695
3769,1,0.17447798661583658,-1.196155946370557,-1.3049350866646232
3770,1,0.6752062548167492,-0.9587415594065825,-0.9689128533541985
3771,3,1.5857233611092036,-0.4491906292289074,-0.7612264207919326
3772,3,1.3902632651657592,-0.8424050129976506,-0.4174937633659732
3773,3,1.1064618496963703,-1.25136361719595,-0.1154184479359838
3774,3,1.7802189989831319,-0.49630117043400557,-0.195959180277768
3775,3,1.6345907515804625,-0.5650430527249317,-0.4192932481492051
3776,3,1.208954005413491,-0.8127671129582916,-0.7107707317846164
3777,3,0.7307215334242844,-1.2862674869007287,-0.6600795887292634
3778,1,0.4854608043539488,-1.1887081877385919,-0.6117383452156006
3779,1,0.2674432709290466,-1.2431972831585798,-0.44971147906983217
3780,1,-0.014332349637289354,-1.1656859940975841,-0.5574807494724948
3781,1,-0.1711424384845872,-1.1999364488471096,-0.7714847509249873
3782,1,-0.28258670121005025,-1.1343434645913923,-1.2818572460612963
3783,3,-0.3667364720929094,-1.2496474389489838,-0.7271973864030086
3784,3,-0.35826343766774144,-1.2315445996453425,-0.3321648781941878
3785,3,-0.4293353135779823,-1.2543125123442689,-0.31500813671344874
3786,1,-0.6568085298497044,-1.3299471943954404,0.010577541112509595
3787,3,-0.6145230045944948,-1.2588005047024122,1.1653600169649025
3788,1,-0.9875136994426974,-0.4488589647000891,1.9316673127084294
3789,1,-1.3811728973665438,-0.6169199677806805,0.5180103127146489
3790,1,-1.2623935735517384,-0.4225770423432059,0.21624304518885662
3791,1,-1.5974464249870892,-0.24906829093352545,0.1978424885489777
3792,1,-1.8423993514683277,0.158492615863991,0.45192736132004163
3793,1,-2.067980121527498,0.5256882925109747,0.9647736540817542
3794,1,-1.7840441377462963,0.2050239974782565,0.08714990860157998
3795,1,-1.6653526708529711,0.24862580128255896,-0.031729882676271526
3796,2,-1.6572933130561018,0.06740812114419548,0.6688774389495918
3797,2,-1.333156390903027,-0.3767429933010715,0.4608726248672128
3798,2,-1.4557606416716293,-0.4593773361237804,0.22719030580002522
3799,2,-1.4827594588292012,-0.3660455647211638,-0.19470711400653967
3800,1,-1.483523566422521,-0.38007722945701494,-0.40111033544184366
3801,1,-1.3051795031962081,-0.7135624364469797,-0.3522018214316831
3802,1,-1.224115412679417,-0.4722780606637191,-0.6018172901839512
3803,1,-1.4044053318307839,-0.22344713122885745,-0.4244814648654918
3804,1,-1.2969873961834302,-0.3083025549230875,-0.3751620465318155
3805,2,-1.3318656480425577,-0.44550230812557745,-0.1782744787999014
3806,2,-1.593371679002021,-0.6021485019641911,-0.8005869431471331
3807,1,-1.2396431628435587,-0.6395704931642159,-0.6883889461514631
3808,1,-1.3326947233005666,-0.7581392241138613,-0.6010081785879051
3809,1,-1.3233135451519327,-0.748021901960933,-0.36254046483936636
3815,1,-1.2043009318992484,-0.9357884155182501,0.9562546442691859
3816,1,-1.0476660127403405,-0.7146488217345575,0.9035948768230478
3817,1,-1.2904526492457018,-0.47072796566975755,0.08583333904373691
3818,1,-1.4816100825004195,-0.35241335152335374,0.2628317850402676
3819,1,-1.0616510840215514,-0.47456896589894026,1.6046928500475275
3820,1,-1.1966114858478285,-0.8877588022492725,1.5554295680747687
3821,1,-1.0657894128629084,-1.0182177225522373,1.8593232084008766
3822,1,-1.1386376309794133,-0.337838758046048,1.6845158696783629
3823,1,-1.721876461351983,1.1473617634410014,2.393304478874593
3850,3,-0.406793818226034,-1.808161140422886,-0.4428640093066779
3851,3,-0.47709839526567366,-1.7983340173955564,-0.2786068442440205
3852,3,-0.32435188033252615,-1.5975074833377634,-0.22528866364526298
3853,3,-0.34038575734281007,-1.5813756077945549,-0.8311025296419998
3854,3,0.9662066174140902,-1.2093788701077453,-0.2829020657422137
3855,3,1.1828442557988155,-0.9892822964479985,-0.3838856033695083
3856,3,0.8065156721156495,-1.001461226269673,-0.591739999843525
3857,3,0.9173795826496944,-0.8938013591589947,-0.5736001963090813
3858,3,0.6130618535594555,-1.0203898620840233,-0.6446515507953701
3859,1,0.2632205209455611,-1.266151315398007,-0.7526782935329297
3860,1,0.8417823345465834,-0.8089087902123653,-0.6746941242829222
3861,1,0.9403663597352168,-0.7669291023287366,-0.6379997393744292
3862,1,0.937122504484881,-0.8355384209791606,-0.5958466446983592
3863,1,0.8672110406864431,-0.8250186276804683,-0.4347367456753165
3864,1,0.9178790053544663,-0.9166332458125123,-0.2915011946053887
3865,1,0.4568457008871105,-1.0042593006009124,-0.28564409506361643
3866,1,0.29246210358440894,-1.1233943215434774,-0.2583443981791789
3867,1,0.0659859131097088,-1.276264880854484,-0.19882534106679364
3868,1,0.2423158215235428,-1.212432720997544,-0.6614267049856863
3869,1,0.17461527789676318,-1.2359653272485631,-0.8616818411776512
3870,1,-0.19881357647407683,-1.3248034217604503,-0.9224984271047364
3871,3,-0.4579361626360164,-1.1797446155245566,-0.5192370904540784
3872,3,-0.5524370237270289,-1.0570343366158148,0.12605415128523642
3873,3,-0.5949663793205183,-1.144530729129786,-0.10132529746544872
3874,3,-0.6522642813553697,-1.2489928466174902,0.08839713900388671
3875,3,-0.4158096410383604,-1.2570934310390154,1.0633223992941263
3876,3,-0.7741582551416809,-0.5040238397141846,2.145965187361256
3877,3,-0.8681241582870144,-0.4789851682679689,0.17238861474201
3878,3,-1.3125100933612204,-0.4646705039132264,0.7653264349258734
3879,1,-1.1702681362454461,-0.27594808310584407,0.7330369798643024
3880,1,-0.9544265117990197,-0.01511039837067496,1.0001538267366288
3881,1,-1.597842765663811,0.05018171211611255,0.5527349045282461
3882,1,-2.1516645228451265,0.5062446966672971,1.2432152263163332
3883,1,-1.5773840099456415,0.8155185903304056,-0.02209734113379383
3884,1,-0.639563315136983,1.3957318225021633,0.00856757660692778
3885,2,-1.5712550700493784,0.352739157840116,0.6043886847448244
3886,2,-1.4651613469325584,-0.09125713085184117,0.4283761982942945
3887,2,-1.4878290331101427,-0.13057827253323517,0.38398713735671675
3888,2,-1.9900266665566027,0.7043167482235715,-0.2928866272183589
3889,1,-1.6879983303647625,-0.060243911806418304,0.15738923156079004
3890,1,-1.2073411325199328,-0.5106270842872026,-0.4901553421375795
3891,1,-1.294677191179907,-0.46970144808271785,-0.36950898218110473
3892,1,-1.6104163947513865,-0.04036547838243454,-0.20146163303455775
3893,2,-1.4054738939074936,-0.10813614472848043,-0.17079933667360833
3894,2,-1.3206095924100445,-0.3538325032073133,-0.1339132005113864
3895,2,-1.4547413794276018,-0.39082360803608523,-0.4217209614516146
3896,1,-1.4110954477726139,-0.6039890221920678,-0.9284122491008135
3897,1,-1.0058934116730294,-0.569238926288991,-0.6030174179345298
3898,1,-1.3079454591305446,-0.568268587316057,-0.4742488010747871
3903,1,-0.15494641002410003,-1.8913604068979262,-3.5892746037484793
3904,1,-1.2332342261389777,-0.7021945986377289,0.33379784311160815
3905,1,-0.9324509945087276,-0.37762685303371807,0.6652443725272157
3906,1,-1.2140140064949674,0.07645300972501634,-0.09696282392979033
3907,1,-1.53139926761267,0.002117645372344379,0.27856361211507996
3908,1,-0.7966068184081496,0.02451822715316887,0.47412119123527185
3909,1,-1.1271502781887133,-0.3622745808745823,0.7874432810925611
3910,1,-1.2691447736318786,-0.3333850876005675,1.018005959601522
3911,1,-1.294076423293655,0.07542856624276784,1.4563981584391994
3912,1,-1.2663097015377331,0.7906522417191835,2.886938787416815
3941,3,0.07552737230106021,-1.6887363861580549,-0.535121295071715
3942,3,0.9810613701034738,-1.4224673379248602,-0.05396115658625841
3943,1,0.6619103683323724,-1.485861397186063,-0.15092769668263809
3944,3,1.1363660552012305,-1.231753102093745,0.04882584869783432
3945,1,1.378593339657849,-1.0852560291729494,0.10959114554317043
3946,1,1.2905043822431501,-1.1673187554349083,0.5015545778620771
3947,1,0.8894294406547232,-1.158877915029546,0.12402968032243661
3948,1,0.5368733124931675,-1.3617136850320004,0.20502476397938968
3949,1,0.6094664029068865,-1.2932516274056836,0.44900074094228815
3950,1,0.6220660758582167,-0.9690947678377542,-0.007969203612771411
3951,1,0.7987120784453379,-0.8047708490747907,0.1774531378488144
3952,1,0.377333618428442,-0.9230915576790788,-0.4222193897653954
3953,1,0.3289975045602093,-1.2991499762092966,-0.10306112798696099
3954,1,-0.10636090267548715,-1.2685782314728826,-0.21820767681231573
3955,1,-0.1920289482841031,-1.2524871591692124,-0.7446659824511989
3956,1,-0.19482096901158308,-1.3138021509945776,-0.7129272616005881
3957,1,-0.05450315730992206,-1.2036301254033694,-0.8962867944712988
3958,3,-0.13477647267017212,-1.2746359773693157,-0.6716219963274641
3959,3,-0.07242727391142167,-1.0794975026278741,-0.43906817028094447
3960,1,-0.3737892369878084,-1.0091213385147588,-0.614543685524176
3961,3,-0.2868122113793729,-1.0487468392944241,-0.2727000743804539
3962,3,-0.32330958837779045,-0.9276471337125674,-0.040763726933945164
3963,3,-0.682476258823891,-0.39910590604915697,0.09218308615493098
3964,3,-0.3647293930295145,-0.33813260607433776,-0.327165623359796
3965,3,-0.022508173658239157,-0.4018523175476373,0.2812996627320565
3966,3,-0.447973702108233,-0.16416565238857866,0.2557680340848001
3967,1,-1.3383506243831458,-0.03940839193747592,1.117087287129489
3968,1,-1.058000116552671,0.18574985556893187,0.29052792445312725
3969,3,-0.7912489372196059,0.5877766806914776,2.1061151486015373
3970,1,-1.1970603266317528,0.47483972264401153,1.3753460606098948
3971,1,-1.9016863526798304,1.4628154415047732,0.8118503594492466
3972,1,-1.852243100977629,1.1658487362304617,0.7552148725620242
3973,1,-1.6263164863138138,0.3948391875314121,0.9357249142125377
3974,1,-1.5610826187627926,0.23072326240016672,0.2397872148389663
3975,2,-1.6011439940579675,0.15545465324609897,0.35532172142345864
3976,2,-1.569195168808743,0.04830505607202085,0.29938027698860614
3977,2,-1.5055664787840817,0.03925285195522288,0.2773800996871185
3978,2,-1.3805242829196878,-0.26267371928406924,1.006408285348552
3979,2,-0.5972759590583405,0.2545913163141349,-0.7636528663993859
3980,2,-1.7792340908858635,0.6309224601987763,-0.6311424942708352
3981,2,-1.594540306221306,0.2404802893927116,-0.29772371327312197
3982,2,-1.4657045757455371,0.09940147125584042,-0.09059704627823978
3983,2,-1.4657537891094714,-0.14754116434175124,-0.11298089726289642
3984,2,-1.3319481037456449,-0.20350498249825943,0.12708174721780974
3985,1,-1.453032675072489,-0.48330923498287004,-0.6266918657852883
3986,1,-1.0197122434442152,-0.28400128942477965,-0.9190930304756413
3987,1,-1.1918373398784317,-0.5599830571487107,-0.40337495386843597
3992,1,-1.0973374487845262,-0.7069776049311951,-0.4229959720267086
3993,1,-1.291118988227464,-0.7069097504825085,-0.28907839186555945
3994,1,-1.4712199839225168,-0.2805131393939148,-0.3831251097491032
3995,1,-1.7664232246782914,-0.08952930389230473,0.15871557935349417
3996,1,-1.7237785345637304,0.21102744040923405,0.6466371405049575
3997,1,-1.0627761935517663,-0.16443590177674394,0.7888801177122698
3998,1,-1.2167032341198714,-0.29677288305228156,0.5990661946810765
3999,1,-1.282254384296541,-0.21850160005258212,1.2795859236468097
4000,1,-1.1361710639252904,-0.1628050668877754,2.3330764647468856
4030,1,-0.9057883695527424,-1.6675812873638662,-1.1095173204201614
4031,3,-0.8251375953432066,-1.7092949684132748,-0.4375783902773425
4032,1,-0.1939554086266576,-1.7262572672195522,0.29300776486443647
4033,1,0.11537283551688765,-1.589877943845658,0.642381097399873
4034,1,0.5293878031126855,-1.1331848472660957,0.8855602472560402
4035,1,0.1091404692937229,-1.124204832912616,0.8279765046500842
4036,1,-0.10997262949942188,-1.5438596395049844,1.121089010319554
4037,1,-0.21789378593009445,-1.490339914062981,0.9440821505272177
4038,1,-0.11364006997515091,-1.4704829075972288,0.47931975772870544
4039,1,0.14330624686992716,-1.2239178870094825,-0.3053263667356476
4040,1,0.1669982677848621,-1.1288026739563235,-0.12011393659129019
4041,3,0.2246112659439079,-1.0157388833660583,-0.9263816356357195
4042,1,0.18094794084133625,-1.0048665837226858,-0.6514250546880016
4043,1,0.23452240561847731,-1.002388073128036,-0.43595411724975686
4044,1,-0.019857854603230862,-1.024072753492991,-1.0734412930153692
4045,1,-0.12725752156824732,-1.0389046513436437,-0.877852316960839
4046,1,-0.06747104451099828,-0.9804623246747747,-0.8916449386751231
4047,1,0.3143885558501395,-0.6284668025788206,-0.4218910097985918
4048,1,0.006230592853088468,-0.8094931974821943,-0.23252454266183276
4049,3,-0.028259595304337914,-0.7958271342314024,-0.34413866839501417
4050,3,0.015018654788839791,-0.6864864291111245,-0.09086880119009275
4051,3,0.089289937392373675,-0.005630235246896542,3.0875317837680503
4052,3,0.05692113055408092,-0.39724444866873054,1.4938960939205161
4053,3,-0.41467588295245195,-0.08409058427388269,-0.2656354479850668
4054,3,-0.3626893425943829,-0.19875340386152646,0.49401090311586593
4055,3,-0.462723135784021,-0.24163285390966832,0.45204559946073053
4056,3,-0.40647550232648466,0.08929827723057981,0.38663437207257734
4057,3,-1.1357659148645762,0.5217507336966061,0.17225769497459495
4058,3,-1.1247302662719536,1.2336477563486747,1.9826631121502187
4059,3,-1.844898084357324,1.6511895605679325,1.1572457944596652
4060,1,-1.725490221027626,1.003657120419224,1.2843464614274944
4061,2,-1.8191331883558024,1.2197310208723369,0.6645375648310239
4062,2,-1.8831374711814153,1.2775093842289398,0.2669468121415298
4063,2,-1.632094299551762,0.7060038816381751,0.9438254580665183
4064,2,-1.4067632267915693,0.40009468632816336,0.4877039679013514
4065,2,-1.4591285917938643,0.26909875688154383,-0.1698020552378365
4066,2,-0.8497861946219667,0.2632734173749307,0.6336923931173036
4067,2,-1.162040049274006,-0.5571881654663451,1.5892236982839691
4068,1,-1.092798634598247,-0.31949952369267526,0.328415759834686
4069,1,-1.7962907502774075,0.7903197817838143,-0.36620617262600297
4070,1,-1.6862130469231917,0.7070011835000924,-0.5164038111081597
4071,1,-1.5436020968115935,0.37288659500573884,-0.29712233479524536
4072,2,-1.346521517159121,0.045710171808244104,0.537822843910885
4073,1,-1.4329937334132383,-0.11931294317317265,-0.09228064839626007
4074,1,-1.2939892670638444,-0.5230916836772757,-0.8202204436488645
4075,1,-1.1655119381696881,-0.32022911074572324,-1.1336269892311197
4076,1,-1.5337589942297298,-0.2707448484147458,-1.0069880254311492
4077,1,-1.588462873236358,-0.3118974320897257,-0.5741993600456471
4078,1,-1.5988163554773396,-0.4426612729689015,-0.1502766820194562
4080,1,-1.4966923264771839,-0.33308346527472704,-0.5517491940442223
4081,1,-1.2780426564919334,-0.4387174960966804,-0.7063194816139521
4082,1,-1.5086576728369412,-0.5129867649106709,-0.1990444793711213
4083,1,-1.5623111343781213,-0.4516741204188771,-0.07254877230663899
4084,1,-1.4437290323915857,-0.5251910719908408,0.4823211895368653
4085,1,-1.68053944648077,0.5375046163430621,1.1609805950213914
4086,1,-1.0744156948770116,-0.22360092013691368,1.1480768793513285
4087,1,-1.0738369159528327,-0.33207068588222866,0.8459387294937982
4088,1,-1.1499210764449257,-0.24801601796584172,1.2234534006642943
4089,1,-1.1815100588178193,-0.24794787713201538,1.8924652556817652
4117,3,-0.35910188842263424,-1.318359274547726,-0.435412815470993
4118,1,-0.7080702049414777,-1.5692953704695858,-0.07727852046918976
4119,1,-0.646523083820572,-1.531026318424206,0.44421818344282377
4120,1,-0.6807871801620232,-1.3578105044774529,0.31378115987290367
4121,3,-0.23688499949852537,-1.3062397113937,1.1286298944773325
4122,3,-0.053146706917794995,-1.4149451052234707,1.2216818319004632
4123,3,0.19126677733192096,-1.2157020023042224,0.7110036473735535
4124,3,0.15865196608630677,-1.4439771040858924,0.23365528357367865
4125,3,-0.237656572293255,-1.5235962553834212,0.03533079855368043
4126,3,0.15321073735626828,-1.2145651810108582,-0.030226646113921563
4127,3,0.3689195578922274,-0.992805202008664,-0.18368795695870782
4128,3,0.39322604726768756,-0.9175859611533218,0.4504511114112938
4129,3,0.6032795592916532,-1.2048918294150985,0.6190567964690801
4130,3,0.39378836034908227,-0.9988143480288774,-0.8891096499631271
4131,3,0.701570574235822,-0.82097498487787,-0.5763392211097158
4132,1,0.46795308636115657,-0.5818396307825155,-1.3208330215433457
4133,1,0.3874597500913174,-0.7349555111721653,-1.0630386005858659
4134,3,0.3507815067387846,-0.7375127581533831,-1.0622650263875122
4135,3,0.14643607708378276,-0.7074396579141596,-0.4884088227760384
4136,3,0.7677500976836217,-0.5301846578129097,1.5393860819784033
4137,3,0.6224146219452831,-0.4328716589053564,2.622460665729201
4138,3,0.571790037289733,-0.10706308065724551,2.0687018998173436
4139,3,0.7225444860008982,0.014158396017569852,3.085183936818009
4140,3,0.279203003741134,-0.1665244765747531,3.260575170402787
4141,3,0.7488726944696886,-5.756231352890065e-4,1.0159414918954903
4142,3,-0.3581106897244623,0.27609833218111446,1.7767034193859792
4143,3,0.13598370430584156,0.3925458841661398,1.9161362056263376
4144,3,-0.06606930676480427,-0.14981931471925458,3.690250217580046
4145,3,-0.9029692496758824,0.11941151450641663,0.6603955710183437
4146,3,-0.9122819180443889,0.4554097301822728,-0.05324845929396904
4147,3,-1.028979886368298,0.7804633949597788,1.7829823032456042
4148,1,-1.5314932562087082,1.3943872275114437,1.3452920130737933
4149,2,-1.307089923897458,1.033215835107839,1.5355420552040155
4150,2,-1.5842243258680173,1.0071616390180336,0.6577741496931631
4151,2,-1.7371744080163847,0.9871444696034954,0.2983492648757842
4152,2,-1.5878705622516591,0.8560827118918659,0.690663501354082
4153,2,-1.367499761532725,0.3451448893746534,1.0448005203797037
4154,2,-1.1433576591790264,-7.609264815509054e-4,1.3394037100828693
4155,2,-0.9454873441435636,0.26070299776821604,1.1832522036997872
4156,2,-1.3488467978537773,-0.11862235764578744,1.1674519585022338
4157,2,-1.2041884596191175,-0.4999678677093349,0.7611527170773267
4158,2,-1.4162550379370473,0.19500709695522533,0.8962809776076985
4159,1,-1.575055097538944,1.0904492498403067,-0.33306206163947244
4160,1,-1.5658134755814026,0.7475806801211026,-0.21338137382440078
4161,1,-1.1694188645918047,0.45580448675589447,0.5525269428118537
4162,1,-1.4522527126819544,-0.06225533773843972,0.2866355830499122
4163,1,-1.3806298645935602,-0.25207207685981936,-0.9032083088892316
4164,1,-1.4124520363485826,-0.3096159480019802,-1.2181723416921786
4165,1,-1.5304167101833477,-0.35276914758855576,-1.2875103170645243
4166,1,-1.6011650615339865,-0.31690541439083364,-1.1123910107743253
4167,1,-1.8438080215444081,-0.17564150946235713,-1.178491243619067
4168,1,-1.8354466757730274,-0.009012713721680443,-0.9468577634911763
4169,1,-1.832899591189898,0.053730348266571304,-0.9006206904450673
4170,1,-1.3524138442216076,-0.10906693684877289,-0.29097095882188545
4171,1,-1.2814887792683782,-0.3270299804121677,0.3441790146720758
4172,1,-1.7159048037176294,0.12835514894084998,0.4169205250819534
4173,1,-0.844751280571601,-0.42962305580897264,0.002871651923220366
4174,1,-0.7842727532918949,-0.9410310534188167,1.7152820076204105
4175,1,-1.0518031679321573,-0.6959559039499392,1.7922746449262938
4176,1,-1.3622670089747722,-0.2576198828268018,1.0058545351970227
4177,1,-1.1497396140735257,-0.3944843074799541,1.4585636650270433
4204,3,-0.6173381080669009,-1.4586402486632466,-0.9960594228193236
4205,3,-0.1322370880283078,-1.266793312194744,-0.7047309164910942
4206,3,0.4586435543614083,-1.04591861859216,-0.39106927911556577
4207,3,0.9252607408965127,-0.7303068725979742,-0.3595795080476022
4208,3,0.6683961310537752,-1.1444612706161283,-0.33261023990681343
4209,3,0.8845902162251682,-0.6242636650279653,-0.49228835098290796
4210,3,1.2569485016897217,-0.44658090339547785,-0.16471658884140086
4211,3,0.4950009476539929,-1.1130362079154597,-0.37650163922393476
4212,3,0.8706526116810799,-0.7844480809083074,-0.43471165225697334
4213,3,1.640939970236619,-0.23090324767207893,-0.0978090530507349
4214,3,1.4405147131816376,-0.44702802108459094,1.091079518181199
4215,3,1.4403633764413675,-0.06666334315729183,0.6878323902723289
4216,3,1.751127289699994,-0.15844183057109318,-0.007662883706988338
4217,3,0.5970837423459335,-0.8877769390990342,-0.6074637244169083
4218,3,0.7444317524845004,-0.8422828803083753,-0.3050270643844331
4219,3,0.7634453144096278,-0.7171997549335132,-0.1270605406695916
4220,3,0.7253326674179341,-0.624936934036936,-0.8757643385311821
4221,1,0.5711409818145555,-0.7252783691031975,-0.8957645213273325
4222,1,0.5109109797558254,-0.43958406767860675,-0.5718117407907563
4223,3,0.7712128044742903,-0.21908507126467947,-0.40723687255186203
4224,3,1.424255504448978,0.12588239138509594,-0.29644477070684067
4225,3,1.3217988680916541,-0.24639355536636276,0.5131372960878273
4226,3,0.7521880237594483,-0.31823893553797655,0.20382902146786114
4227,3,0.6120436546828139,-0.3921663547972897,0.4272389811151899
4228,3,0.781012000279648,-0.38299103416685043,1.3427765627794974
4229,3,0.81965779068992,-0.072235282212185,3.500100849813087
4230,3,1.0866990237611298,0.1973760666153745,1.2212952886969557
4231,3,0.7577861694098684,-0.08435052081868744,0.6864513092665229
4232,3,0.6219306805689879,-0.49273179535742195,3.524450252116952
4233,3,-0.5661726066013406,0.7040100199516219,4.168993301831977
4234,3,-0.8279494082202783,0.016922955618180247,1.3850983480370278
4235,3,-0.49178009203692685,0.6085640458502632,1.963463461202095
4236,3,-1.0138327310505573,2.6295641965783454,0.7292572132491507
4237,3,-0.9096108550131983,1.9986391509316277,1.0184015216530484
4238,1,-0.8913601401229946,1.2415058154489411,1.5496628969660113
4239,2,-1.5738459320905287,1.1182394221396867,0.5325266478409698
4240,2,-1.4466541906676371,0.7788334721641037,0.9731151164924102
4241,2,-1.335020535854119,0.3917368119168534,1.174627174201273
4242,2,-1.2661915082152384,0.24488243013337208,0.8171452003816979
4243,2,-1.2975063798774267,0.7033259415756442,0.8181538311307531
4244,2,-0.9847260291157074,0.2746850479026207,0.9585819338940721
4245,2,-1.2172933502714738,0.03403606461440867,1.0125150862474916
4246,2,-1.335006928192637,-0.28371193267550576,1.1897662329149947
4247,1,-1.889784491913848,0.910104855184042,0.511488182305367
4248,1,-1.8108091667840291,0.8950967930518584,0.15560075251454358
4249,1,-2.1235717078080523,1.4722870283606309,-0.9188131455544849
4250,1,-1.625459303872896,0.98364631974874694,-0.022626075310289068
4251,1,-1.6765523106234284,0.5616196442514615,-0.4270514025579934
4252,1,-1.490117288874246,-0.11447783496182123,-0.761928148265007
4253,1,-1.519709469619994,-0.14464713081049702,-1.2961732233926544
4254,1,-1.8240212943875636,-0.07008236362867426,-0.9052242958649768
4255,1,-1.7629823144320156,-0.12807108152627383,-1.1142331289256653
4257,1,-1.786334816766653,-0.1310702680302004,-0.939166252528768
4258,1,-1.4622505039476974,0.019323100273528404,-1.0423923340541532
4259,1,-1.778674706525695,0.36959579905094964,-0.2129572961506091
4260,1,-1.42643734931732,0.66002811030406,0.11912220012929445
4261,1,-1.5890394384896709,0.34894299552782826,1.0278709975179179
4262,1,-1.053642891784931,-0.9350657554665126,0.9837179136349142
4263,1,-1.2348201971711807,-0.9122175045196292,0.30180059721694646
4265,1,-1.166630417625536,-0.5606949067929825,0.9449361963295027
4266,1,-0.8748145067723372,-0.3565670408709679,1.5585988894355014
4287,3,-0.32921600051689426,-1.7567712646409448,-0.9864542468669684
4288,3,0.5492001926871478,-1.5431767289685552,-0.3480429124356801
4289,3,0.6743248021212158,-1.300921522894495,-0.17669744647174215
4290,3,0.4092593254276605,-1.3152577200828954,-0.3088414350068924
4291,3,0.06719922337271678,-1.423942312937906,-0.5714989146764454
4292,3,0.8523252789161062,-0.8490050815095188,0.0661680206709361
4293,3,1.114383818981292,-0.6067531214026645,-0.12410159110699154
4294,3,1.4563938424642977,-0.377435691207608,-0.1879541060043946
4295,3,1.0758627628829087,-0.8625595083210891,-0.00820045371760067
4296,3,1.345160393971322,-0.9692729504517953,0.12871866718497574
4297,3,0.7017566455518689,-1.1878718675356357,-0.3339993466215815
4298,3,0.7268184923546834,-1.1155201072717518,0.050589101338195844
4299,3,0.9547518322008811,-0.8379613248281118,-0.34749395801142385
4300,3,0.9572753573612631,-0.7490342332741702,-0.5460337981465988
4301,3,0.5757519459947311,-0.9910045847660935,-0.3564334668038147
4302,3,1.4134802946225988,0.08993252761713699,-0.22605424287161113
4303,3,1.1879067606727018,-0.042919573943491884,-0.07076160076353
4304,3,0.5068606507441481,-0.5212834434565163,0.5342747712674901
4305,3,0.784379644435446,-0.01832357341309529,1.1503546915863325
4306,3,1.0018601735280743,-0.018004938010537805,2.134214489187912
4307,3,0.7286643821710619,-0.5181867435701146,3.1347402989504736
4308,3,0.3603429985136588,-0.7187195117509807,-0.7112190932131395
4309,3,0.7641900022372883,-0.7723805955113454,-0.22747387065502983
4310,3,0.8163473282913295,-0.5290944601008015,-0.3535077985496355
4311,3,0.9674432002045502,-0.09442682986798512,-0.26270621549062023
4312,3,1.0558422365378533,0.057409270631926246,0.5594481134099479
4313,3,1.1468884379399096,0.02347353897253668,-0.018691683440258886
4314,3,0.6643121999316836,-0.6033488350319214,0.05130598039208885
4315,3,1.3229522564166154,0.19924604905942903,2.284071730992405
4316,3,0.7733247868393147,0.9289924097090921,3.0949814879335493
4317,3,1.120156355775202,-0.26210355774088545,4.107787772851311
4318,3,0.9049427752364337,-0.43993173286375764,2.722702916866894
4319,3,0.6868090266478495,0.32020141325018503,0.5054773170505892
4320,3,0.500574375672137,0.34494582921230577,3.4884122696309574
4321,3,-0.23056305866407423,1.6191332846848958,3.005126820475865
4322,3,-1.0771867401480428,2.0235211612442363,1.558142928249847
4323,3,-0.4856582060206348,0.08389309080323004,3.346873222867862
4324,3,0.08653381716663688,0.10197952687171963,4.85573752184733
4325,3,-0.469193870396182,3.1163228054894536,0.5368019526883921
4326,3,-0.6008630784521921,3.1845021741090016,-0.04741054527106947
4327,3,-0.9535527530810767,1.6205193177410817,0.6152594863069019
4328,1,-1.2017723845265365,1.0874628635441874,0.6921177407189136
4329,1,-0.9640623018639721,0.7645692778572439,1.394747627562674
4330,2,-1.2546973531114958,0.6949217678911379,1.007352307127536
4331,1,-1.6296500033208243,1.3001229425249998,0.03579751725074409
4332,2,-1.5622982849875828,1.104177457517528,0.41898835580751903
4333,2,-0.8653945261812707,0.5077037657234975,1.6540373831652615
4334,2,-1.3219295408607485,0.4345933484408868,1.1846435115480556
4335,2,-1.011919129044749,0.27066070749076665,0.6267504587563952
4336,2,-1.8546671147510583,0.15430626996285723,0.8598133231365944
4337,1,-2.4107385395888548,1.5596673400208765,-0.6091388549751313
4338,1,-2.1830337699665474,1.2889698682506485,-0.3728402623739123
4339,1,-2.34640332039904,1.7418555622335272,-1.1924773260643793
4340,1,-1.9994394737035115,0.8491329171438966,-0.1004841255207656
4341,1,-1.434350999835498,-0.1556264249827103,-0.08758179291153213
4342,1,-1.7298621429857028,0.07211110463287285,-0.38030456239186144
4343,1,-1.827806440107917,0.11483312663708511,-0.39447024101662376
4344,1,-2.0135527558453234,0.4615481327714165,-0.4244292557407534
4345,1,-1.4183102916867674,-0.12443109372597072,-0.13560308580294983
4346,1,-1.5148244445580712,-0.045491155820598816,-0.02375999116884167
4347,1,-1.4247744039936459,0.24264887489924647,-0.23285698056380566
4348,1,-1.6412819268264585,0.10757951915653075,0.14583928045641814
4349,1,-1.7416996460838392,0.3949765977364146,0.7645448684767968
4350,1,-1.2410517270296797,-0.3681076134527417,0.8771626148781088
4351,1,-1.3138354993671237,-0.4502800333800679,0.08285304435686844
4375,3,-0.32300117057576605,-1.529506698870295,-0.3574943474681301
4376,3,0.2434576495380678,-1.6459361915431572,-0.6579797430082696
4377,3,0.17161375194477724,-1.6349818592751266,0.0671683386229629
4378,3,1.1291287914320156,-0.6705538457793889,-0.19191507525228518
4379,3,0.9572105436116636,-0.6758798696712885,0.14215794328251338
4380,3,0.5934080290992451,-0.8102823008571062,0.5571169058816421
4381,3,1.0607853389102633,-0.33827889108451326,0.34455318619841657
4382,3,1.6605713142813558,-0.19766269139003245,0.946990152215371
4383,3,0.5036422190631689,-1.5802930877665633,0.11679893959086377
4384,3,0.24454316260953618,-1.4545995821899094,-0.25783970271090634
4385,3,1.2709425342752918,-0.9876491301515434,-0.11847017808567373
4386,3,1.719585160919317,-0.6226797367187976,0.35465924304351115
4387,3,0.7038156698136981,-1.1524062271613786,0.2656079123508437
4388,3,1.2641191224542063,-0.5998572757734224,0.021287167016810993
4389,3,1.244675940344084,-0.581653217859378,0.3359050904983635
4390,3,1.458169832938246,-0.4291292195597558,0.5416400968590486
4391,3,1.5263007487392057,-0.4708301968173275,0.6032111663754365
4392,3,1.6011559910047113,-0.5613982372091038,1.3041648178011167
4393,3,1.5287571573084677,-0.39086855425129075,0.927263131317018
4394,3,0.9275692651720704,-0.7073082898249439,1.1647604567237895
4395,3,1.3126793539191408,-0.44219272691939987,1.8186040956987173
4396,3,1.5940786397072118,-0.4147860910678896,2.8586378861435193
4397,3,1.3128249413949087,-0.2580299177130644,2.2725494635081662
4398,3,1.1271684666940205,0.1272821011960048,1.0578016613097025
4399,3,1.0533237024967277,-0.18207585934885095,0.13229227165905305
4400,3,0.9100248125142949,-0.22785834874394917,-0.2324082600139376
4401,3,0.5535487928619349,-0.2686075560826639,0.32250806013532657
4402,3,0.8636238425089476,-0.09671083387066293,-0.3048397024443632
4403,3,0.8534788993781844,-0.33843535061040775,-0.3791324500414968
4404,3,1.2376144463854712,0.020677643674005486,-0.31676745606656553
4405,3,1.786294484024783,0.570630929727646,0.7603226147993261
4406,3,0.4193324144825603,3.0454630897255814,2.083084974809765
4407,3,1.036196086371717,0.7303187612479665,1.129834864345463
4408,3,0.21813483427081404,3.7178565263025587,0.6460956700503604
4409,3,-0.43931174922169947,2.719305159151176,1.18445898232146
4410,3,-0.581785657177958,2.0781839608705837,1.6963678865908922
4411,3,-1.5761326768528454,2.4938568132948724,0.21973962551510973
4412,3,-0.7533459685623194,1.9793148825161038,0.9201794170038282
4413,3,-0.940790588388299,2.1857072626737293,1.0398457764502864
4414,3,-1.2622936530155424,2.3121565816289276,-0.10303229312849199
4415,1,-1.3889373775721499,1.4460108967729894,0.37511782704921426
4416,1,-1.7963600203191983,1.7534937752254531,-0.5269274129802636
4417,1,-1.5241654365956587,1.470988577256336,-0.21198796186984872
4418,1,-1.311765624245264,2.0139637524216165,0.17638251766865054
4419,1,-1.7015686876608882,1.3478157749886137,-0.3611842744121146
4420,1,-1.4615756798088242,1.1560669467701097,0.03632850107568303
4421,1,-1.018029263647631,0.9792661294343543,0.8820649132475092
4422,2,-1.3065025087329394,0.9098782679713006,0.6693222193394309
4423,2,-1.4230751163251336,0.2098365793233421,1.5209719654881648
4424,2,-1.2708792000434386,-0.05208766649231045,1.4481431584539801
4425,2,-1.7486835916972763,0.33906247244014565,0.6776094399517468
4426,1,-2.2932818395232015,1.4498476363312833,-0.4090373277124097
4427,1,-1.7526646599190534,1.0944151550074521,0.7140096931363311
4428,1,-2.425524223612113,1.4662821737875475,-0.12878848415370991
4429,1,-2.372449760822658,1.4588337203725221,0.058559409915592775
4430,1,-1.3117279282507384,0.11045336869001932,0.8007126770937046
4431,1,-1.779427764256362,0.758434617111192,0.890773617160752
4432,1,-1.8660521010696112,1.050541111537444,0.3986308196170957
4433,1,-1.7305412819019568,0.34475718723707094,0.5556925296035659
4434,1,-1.5861682594360986,0.2711589690444689,0.6520469105844494
4435,1,-1.4057756581464331,-0.1852330355023708,0.4643008673272498
4436,1,-1.524418294609533,0.12377368865337868,0.6689559370058622
4437,1,-1.5307873917317436,-0.13068709977650517,-0.1014518407633283
4438,1,-1.5145844033154574,-0.0017033350966875194,-0.4306216553881466
4439,1,-1.782914216703882,0.19009643941041454,-0.6590507336562251
4464,3,-0.4060237312729461,-1.2908633416480924,0.20796080624034152
4465,3,0.3596908835578694,-1.785392866227566,-0.24104528869449285
4466,3,0.2991907882080229,-1.7548485987061955,-0.06339869633493606
4467,3,1.0798201617946726,-1.0188792895369723,-0.15405535092501757
4468,3,1.9179329574257231,-0.02458072130291189,0.02644224454047711
4469,3,0.6723880048016363,-1.3818297460967182,0.4168510702445788
4470,3,1.4334830321866594,-0.7365492622191858,0.305232455031217
4471,3,2.514747160749996,-0.1325339124351217,1.1100842695002688
4472,3,1.5812456246363369,-0.8933073709825824,0.27272787418038524
4473,3,1.0348674290300433,-1.116206081265981,-0.08901447002379675
4474,3,1.5730541412568493,-0.894856077349736,0.4167943343774989
4475,3,2.059543261677182,-0.08121990926853517,0.34028648487708457
4476,3,2.440644751155485,0.3464871477980942,0.48384361433255146
4477,3,1.9838918848271645,-0.017377900297675164,0.2905198769522637
4478,3,1.7874568156415542,-0.1765088857940703,0.6593763268959228
4479,3,2.064158972849119,0.047482656718426774,-0.06858805619436448
4480,3,2.441068909762083,0.17713310393921522,0.10110170015838196
4481,3,2.074822737988513,0.20445759713845857,-0.03675348957464186
4482,3,1.8179571906359486,-0.142171461697022,-0.018695476772211922
4483,3,1.560967346827002,-0.11397080574546559,0.12441439624157316
4484,3,1.7102623019455503,0.11591352298849422,0.500053405070595
4485,3,1.796730270884927,0.16935833398461264,0.8577583212752236
4486,3,1.1377737167444761,0.06743266308637197,0.7970283147321765
4487,3,1.1876905674703704,0.5796339710106162,2.053394934311496
4488,3,0.9028394720371242,-0.4945254041647492,0.7196607439461619
4489,3,0.9322315653689384,-0.2718297637382152,-0.29674314303484883
4490,3,0.6988572479496109,-0.13032295526234616,-0.4060092517961373
4491,3,1.0731084016984118,0.03272890632743608,-0.39846015085448666
4492,3,0.26645077157271113,-0.4404818066112496,-0.6514651812041989
4493,3,0.6685577371239747,-0.2838105224395743,-0.2612934531959187
4494,3,1.724054049656293,0.3001233847178665,0.6380669663087645
4495,3,0.9727733226660863,0.9180255669476324,2.5272613877380254
4496,3,0.5163049825008417,2.2965938602675076,1.7525317536638332
4497,3,-0.02692007552433129,3.6950459206580413,2.203916539359665
4498,3,-0.8490834848059757,2.5515481833108806,1.0666452132849065
4499,3,-0.6251184397763395,2.044767574510177,0.4873831006957322
4500,3,0.4019269405774918,0.35479003640805123,0.4988860393053887
4501,3,-0.25815688819259813,0.3967273089255453,-0.02815713572663557
4502,1,-0.6908580384322561,0.5816874294230157,0.10187825981872754
4503,3,-1.0782839088663325,2.217957576173247,-0.484493139050569
4504,3,-0.7858524212518381,2.3197462913466866,-0.695544270493699
4505,1,-1.5077627291793392,1.2689041370391658,0.018198340957312625
4506,1,-1.8144537245139072,1.7019981301829459,-0.8963380191949514
4507,1,-1.3836246222752244,1.2925038715721855,0.0727256012878722
4508,1,-1.464826019393104,1.091368594555941,0.060512767794596134
4509,1,-1.1178927264463752,1.2672167644946837,0.19876196081740402
4510,1,-2.039781470823345,1.9906868642185833,-1.2017893804772353
4511,1,-1.4136625024308525,0.8262511272009906,0.5653965545617081
4512,1,-1.2953335779659838,0.5561037207112601,0.561168772454449
4513,2,-1.526874810249934,0.5606719498447241,0.788243777299065
4514,1,-1.4280470940836754,0.5547053501527603,1.31106304907014
4515,2,-1.7691915645584833,0.7935010710281276,0.9555875427466674
4516,2,-1.279519690638474,0.668853325643763,1.2669577968352055
4517,1,-1.9511581931525113,0.9878842078305041,0.9438601511052485
4518,1,-2.129575964081504,1.108204463382609,1.5350757298012374
4519,1,-2.074350252047416,1.3888598658904212,1.3218072311880522
4520,1,-1.1081918889944475,0.5793870501061993,1.459624660687412
4521,1,-2.238887642783829,1.1892290262977092,1.1867302635182975
4522,1,-1.921423363373292,0.6149145666563658,0.9677432117476005
4523,1,-1.8490019185887454,0.7314479273518992,0.8578302796067852
4524,1,-1.6877220965596686,0.3620081703045106,0.7656569229904753
4525,1,-1.3927390134709077,-0.19542319368853356,-0.0017426588271609728
4526,1,-1.5715209429950954,0.03650579167297352,-0.1654009151510474
4527,1,-1.4962697709100239,-0.052400607540156297,-0.33285739120271496
4528,1,-1.243551034178342,-0.1357736760027417,0.06510777774113773
4553,3,-1.0117620476549283,-1.433287382761154,0.009885146175247259
4554,3,-0.00913413729417245,-1.6232661491086762,-0.03073930913173742
4555,3,0.29982837689572217,-1.5724614373050443,-0.2391818405750914
4556,3,0.24036425135288908,-1.6324651143821998,-0.5073317787479298
4557,3,0.36855680917818023,-1.6245589387291373,-0.20363419560023813
4558,3,0.4622429289532189,-1.378949407662724,-0.24257801189277028
4559,3,0.8748149245716688,-0.9265833844858864,0.020766460335578968
4560,3,2.163577634920343,-0.006145925697089716,0.7120097266874261
4561,3,1.5499701933555554,-0.5013507222669478,0.3749548467713685
4562,3,0.8151088091661539,-1.1312746369102382,-0.1438311860706842
4563,3,1.7466767752558525,-0.4541086857589631,0.4226046971235674
4564,3,2.3165788600237587,-0.04923391174498282,1.0471485463089678
4565,3,2.7565086365650293,0.6299272515392107,0.8617307949043471
4566,3,1.9673654093389734,-0.007746408083395551,1.0736752209339602
4567,3,1.893517497201886,-0.014393644109733206,0.6144295640121731
4568,3,2.2081203815467383,0.16519342484712085,0.4040742383605272
4569,3,2.4993700471433193,0.6283700048004331,-0.006967353469394047
4570,3,2.3410050783016354,0.5294643089239003,-0.021156553241669582
4571,3,2.4118071111033146,0.37717785416396954,0.22009722171779109
4572,3,2.1911702193383937,0.4885331650003457,0.1288964820348832
4573,3,2.419520395908052,1.035887585925599,0.07029273247476577
4574,3,2.741557347728555,1.2607116864365033,0.37536580144881937
4575,3,2.0897151536776057,1.1164846062841953,0.562847485648574
4576,3,1.0489844566831987,0.362939728970366,0.4643420283651151
4577,3,0.20500861136839435,-0.5447213992517441,-0.08522734677370636
4578,3,0.8946029156118519,-0.24031199001932357,-0.20967792677304686
4579,3,0.7324920119202872,-0.3051423308400992,-0.1940653727972214
4580,3,-0.021971425289577906,-0.680769857941965,-0.715288796318136
4581,3,0.07411585314642452,-0.54008556999784,-0.3958241424009939
4582,3,1.0360513795028803,0.4795618778602472,0.27851802720864205
4583,3,0.8690149443103435,0.3986862594650764,0.47348490585747727
4584,3,0.6570545384052223,-0.2985608127133996,1.0269400581124921
4585,3,0.6502272882993968,1.3419254887547793,2.373749762746845
4586,3,-0.2771481833559934,1.347592013584366,0.6452302930682452
4587,3,-0.4420023059680607,-0.10024666101914072,-1.0099664947516
4588,3,-0.3862881181440297,-0.43082880017453407,-0.8571327611195175
4589,3,-0.10292873923774132,-0.17539838299333224,-0.5934453724315586
4590,3,-0.29410504747638244,-0.07583834072572523,-0.18661325479128527
4591,1,-0.8668644842220667,0.9592317679830424,1.0880008965777426
4592,3,-1.2391953283073294,1.7479791501073596,-0.3233938653834236
4593,3,-1.6573952546489306,1.7213775329502954,-0.8398805815595396
4594,1,-1.1111573891002142,0.16800865868592352,1.1985978663642582
4595,1,-1.3078628186153718,0.8432719111201143,0.31564521789988875
4596,1,-1.4573201044034607,1.3698426508725303,-0.23801274330447925
4597,1,-0.6731014243537738,1.1451833711049308,1.0930211859496852
4598,1,-0.46748148530798006,0.5259456630433896,0.559020024081176
4599,1,-0.7195451128277006,0.2248897847216087,0.37581624919862544
4600,1,-0.7379879488363028,0.08154434770078811,0.2219419401038785
4601,1,-0.5765749650729132,0.11959501797011085,2.0332933641303295
4602,1,-1.1702039494828604,0.5065974861248226,0.9950061744683538
4603,1,-1.5519443172772724,1.2337728629741032,1.4332727499060904
4604,1,-1.7885275254983335,1.1987566836195627,0.8550818970718679
4605,1,-1.520549044817499,0.9545229572636902,1.2362295222534672
4606,2,-1.5150358481140174,0.7475574884844358,1.210890896767346
4607,1,-1.9380276574568085,1.3058777313602208,1.692967684898481
4608,1,-1.5474656411804801,1.5370441949037854,2.756931753720499
4609,1,-1.178077941129179,1.71814720786247,2.090448575436176
4610,1,-1.3154208752655054,0.16803988332239816,0.9247888569416121
4611,1,-1.7803866790612703,0.05596496004620777,1.3778855292888301
4613,1,-1.8291937618427057,0.32800547452864093,1.603589886897232
4615,1,-1.8657068792184468,0.4966163453657151,2.2658371841467457
4616,1,-1.5073827951713836,0.07765943237091966,1.5510147136611763
4617,1,-1.274725231333231,-0.4017508190025867,1.9184577373138796
4643,3,-0.55244617678324,-1.5277302375393398,-0.10878976086878228
4644,3,0.6598872320597691,-1.1292811427240597,0.6043548285164762
4645,3,1.0481503129351353,-0.7672413064075984,-0.17276618730022114
4646,3,0.15065361765386354,-1.4016408846629782,-0.38129597667165094
4647,3,0.12606184973619272,-1.0442936508595277,-0.15468307421384372
4648,3,0.13973692873004062,-0.8784631833383747,-0.12772858927741665
4649,3,1.4887839312921698,0.06755621790226718,-0.11524490330175034
4650,3,1.9898836815996863,0.3044971443599519,0.2676554023216773
4651,3,1.289800159134209,-0.3797427542755124,-0.3241668671503609
4652,3,0.9932516886497486,-0.358370415175588,-0.4524414513131702
4653,3,1.5067787263912955,-0.18349004843036665,0.7482538580944877
4654,3,2.136156500261379,-0.04471522356557145,1.5805207240160326
4655,3,1.3605926080954431,-0.11520852926302394,0.8422069780990976
4656,3,1.5095179304427107,1.0358493350873805,0.08060792515115679
4657,3,2.144587361817237,0.6892081248566183,0.28071121083358264
4658,3,2.8037818589482444,0.8568540505899135,0.26186340178449463
4659,3,2.6498535431104755,0.9024261702360453,0.6080122127305404
4660,3,2.7936538066228715,1.0390295049532408,0.5175786780830806
4661,3,2.9506609397858172,1.3921917529476449,0.10541614391631678
4662,3,2.728265982811641,2.2197180940996706,-0.571385842100896
4663,3,2.6684782250072003,2.03408950196129,-0.09804471762589348
4664,3,2.40404072010407,2.211316415288923,-0.14864685876825187
4665,3,1.9487593371474816,1.9023446642299602,0.1219344405455196
4666,3,1.1828991087724194,0.6269889488421072,0.8672190283916307
4667,3,0.9376128047258439,0.01633009357816212,0.27450614907945714
4668,3,0.8345895732408456,-0.14651124403972354,0.021232462337619926
4669,3,0.44380679988608696,-0.20203956649857413,-0.6996808259826552
4670,3,0.24350235603909315,0.013750499737701455,-0.13673303134457046
4671,3,0.13206657267250477,0.7829536986297264,0.8776179764781978
4672,3,-0.07073581756862382,0.21211500046123113,0.11134193006925935
4673,3,0.13842253877170296,-0.003943915180137814,0.2691158581690307
4674,3,-0.5258887335695899,-0.3310981067747025,-0.2756782719530567
4675,1,-1.1245746575606743,-0.5494522738674995,-1.0765501533597006
4676,1,-1.043465960370491,-0.44723432484304015,-1.2559831791059686
4677,3,-0.9239034990552992,-0.3274776499322134,-1.4051135662827252
4678,3,-1.081310722172417,-0.15803827872730475,-1.2444205282931395
4679,3,-0.7112268690790314,2.0320838200440563,0.7079455969033637
4680,1,-1.1960236553997545,2.110362927796215,-0.04580201387782734
4681,1,-0.1782219714466129,0.6202872454042689,0.8372739481667331
4682,1,-1.450397821228479,1.6571023750000617,-0.262518599759458
4683,1,-0.7946373818822638,0.5548360465120145,0.41784816612209363
4684,1,-0.7152479520762598,-0.06400818997474222,0.20971592145864532
4685,1,-0.7957452283704354,0.017093786163454694,-0.29910772696947024
4686,1,-0.8074836683088499,0.06550426093517575,-0.3903932702016661
4687,1,-0.3864786018825784,0.22849531035478748,0.250886211234403
4688,1,-0.5402881320778198,0.1224882626034168,-0.5491644566532335
4689,1,-0.5191109542422578,0.07729344908999708,-0.1653653333049947
4690,1,-0.323075639587607,-0.22738447689105734,1.5459143400655542
4691,1,-0.9365260536247434,0.5871867967110103,1.5498889447640252
4692,1,-1.6129338194943976,0.47049997301483804,1.928756612665774
4693,1,-1.8462542171112908,0.7004530414617167,0.3887376595483167
4694,1,-1.941384966848584,1.0923512756495697,1.0018041401499334
4695,1,-1.7817904504164068,0.9540782545259119,0.7514834285445642
4696,1,-1.783001512061857,1.0580804085452904,1.6473068461554472
4697,1,-1.915998885053454,1.4026960569695555,2.4734661438958483
4698,1,-1.874290652745348,1.9675526279128583,2.25324696538578
4699,1,-1.4716919343961352,0.7239935209150163,1.9612697662110343
4700,1,-1.7762346677516536,0.21424232188627856,0.9918559225318107
4701,1,-1.9486922766851795,0.7498699228599897,2.3166554537189357
4732,3,0.3440086220644232,-1.0403931328843332,0.35931357172692174
4733,3,0.16898863231259154,-1.4366227544370296,0.32106233288891983
4734,3,0.8995770767541991,-0.6449958461121856,0.294810430431206
4735,3,0.8151906935333171,-0.6644961804241785,-0.016151444639319376
4736,3,0.95052072440609,-0.018443998147619323,0.1813448984690746
4737,3,0.2718086378503536,-0.24250595438499933,-0.37639712869069497
4738,3,0.5701830296473649,-0.3631824552931579,-0.2721959597398085
4739,3,1.225345263523541,0.11348601497519295,0.37093149776857964
4740,3,-0.11155774261320722,-1.1278709858204286,-0.7367544760578062
4741,3,0.8326974913385085,-0.3470481697628016,-0.8760731332385484
4742,3,0.2932533376058507,-0.222126885260028,-0.5715445301728239
4743,3,-0.49650214464016135,0.18199371694297534,-0.976515027134598
4744,3,-0.389767166493199,0.55020736751489,-1.1787089970329492
4745,3,1.61625108022417,1.2131900145044257,-0.19922518650655524
4746,3,1.597258626462513,1.3016173259135224,0.09579783381267318
4747,3,1.6813861019667886,1.3914949368105827,0.054549176014246706
4748,3,1.973580529810299,1.5575906924484886,0.10551265252491356
4749,3,2.652574123679762,1.6291435203093407,0.17884173573511258
4750,3,2.73254325360438,1.594433799668591,0.08272765852259475
4751,3,2.7823983547910682,2.0474526244138564,-0.21705397858265166
4752,3,2.682178126295963,2.310035255144394,-0.24353215881273937
4753,3,2.1182309982384684,2.8324573437612526,-0.7019577426258349
4754,3,-9.753675897556935e-4,2.094714748984872,-0.8075742761889619
4755,3,1.2866401088380917,2.022189459562296,-0.21198674173823656
4756,3,0.9801315529339161,1.0353165518950909,0.899325362567791
4757,3,1.1363623106721896,0.21227723616656163,0.4227531067730549
4758,3,0.5468302640482722,-0.010746786999338842,-0.37079990307670835
4759,3,-0.48714946393222924,-0.629053887252266,-0.6641588123138289
4760,3,-1.2703364506593877,0.09183690282561918,-0.14912115928881597
4761,3,-0.7740884133075361,0.018548955854733817,0.057947770675226634
4762,3,-0.9578707360986679,-0.44376615819522164,-0.5742155770393473
4763,3,-1.4237523706654711,-0.4379659738853826,-0.7558097331780838
4764,1,-1.6178859939016006,-0.3860310113614419,-0.8009391842929593
4765,1,-1.592224701844013,-0.22589004578782346,-0.7907010297498233
4766,1,-0.8737488398835371,-0.19717421668481555,-0.6216941937054968
4767,3,-1.3105060224830076,1.900280596077216,-0.2518815280363421
4768,3,-0.5738341054976934,1.555126596161327,1.0021480671971816
4769,1,-1.0109466210652711,1.7888024962516278,0.018255696537676724
4770,1,-0.643726320834357,0.2542834956538461,-0.28502977100015203
4771,1,-1.1034205540440658,1.8636116132575649,-0.23443295737544292
4772,1,-1.3142673001315486,1.638761608324635,-0.023594581812458576
4773,1,-1.3933805801707255,1.1757404738738964,-0.10924968608815444
4774,1,-0.8641477242940051,-0.09937448039766344,-0.6081399739632884
4775,1,-0.8931887809324531,-0.03735628284329198,-1.1371787004161413
4776,1,-0.7152977776236238,0.11623707040196507,-1.1078713278596235
4777,1,-0.5843585994573942,0.2740798015606712,-1.0904743518601707
4778,1,-0.9652688442475348,-0.018686084593829644,-0.8291056693870632
4779,1,-0.4599753830944723,0.7026819673862128,1.6336309319028086
4780,1,-0.7479326320129467,0.8147786811303455,1.5683960151427991
4781,1,-1.3638274346182815,0.7307161616462956,1.9019069627356555
4782,1,-1.6266797160896398,0.5169391157967538,1.249987844057775
4783,1,-2.092920954273682,0.823481191297351,0.41260141431519337
4784,1,-2.17572039771481,1.2192283356987519,1.0665608771384743
4785,1,-1.9089009312425282,0.9664944538685747,2.193880234914418
4786,1,-2.086293917276791,0.9152561692134653,2.602526562605827
4787,1,-1.487800506658945,-0.12311952532903803,2.7000324671236515
4788,1,-1.6032042282048642,0.10356980961549378,2.7149525710977405
4789,1,-1.0392804685503891,0.38343922343393655,1.3857092174711751
4790,1,-1.7929955018684778,0.5021388019323747,2.4711878820838993
4821,3,1.0575445378839587,-0.7140277236080751,1.0789819727140546
4822,3,0.3354569615911404,-1.7927120114851895,0.5876529512786846
4823,3,0.6802374466602192,-1.2341796544755717,0.7564221668250244
4824,3,1.157488371866183,-0.6280566116415217,0.1731049988307045
4825,3,0.7456053723865257,-0.6934441423210331,0.041642725526178606
4826,3,0.05727534976006135,-0.5053098279432421,-0.2609337501626642
4827,3,0.06929728924668005,-0.18801715549685186,-0.12525200367580036
4828,3,0.30759078067550383,0.00829882310488439,-0.41099748296223027
4829,3,0.2859098477637081,-0.2961672727639527,-1.0318805685280736
4830,3,0.6319890097403615,0.1981272414399659,-0.794036315027971
4831,3,0.933061754886133,0.2677110332503466,-0.5007012537011379
4832,3,1.0620023715856333,0.789654737483475,-0.35108113462437324
4833,3,2.0692384296898982,1.0300754653309114,0.3624142281193456
4834,3,-0.7434733723316498,0.3669506347164043,-1.095173784925501
4835,3,1.3570301282437645,0.6793170122470296,0.9668313012935152
4836,3,2.166743973181722,1.4427261005334338,0.3870673661913608
4837,3,2.425114015055303,1.6610869316574086,0.12094866424745818
4838,3,2.4443251940161663,2.4342971575700103,-0.0737685075450148
4839,3,2.3514663272401197,2.6007704295870577,-0.381556622689572
4840,3,2.393743362994588,2.4778644313458904,-0.2938067692711176
4841,3,1.2291659763749898,2.213479891641531,-0.6332512534078489
4842,3,-2.0154742386923674,1.6538565385507784,-2.0897645732941825
4843,3,-0.6444325189587086,2.0214623169695383,-1.4672337920885106
4844,3,-1.4137869829154568,2.0906424469333453,-1.6071894771411663
4845,3,-0.720728560883119,1.9185743972686042,-1.12529227670359
4846,3,-1.787342705205404,1.7031707724317566,-1.3597044723875773
4847,3,-0.9297067849536189,0.9431455733183157,-0.3430780779780795
4848,3,-0.6849375825236165,-0.015653667320916276,0.15988715811168908
4849,3,-0.5612273521676557,0.7525689182908171,0.24346497467135714
4850,3,-1.8300272661833301,1.8106847173517222,-0.7447884875602326
4851,3,-0.34997125942551793,1.2394576462104343,0.010866801799540804
4852,3,-0.75279119755205115,1.4349889557331499,-0.3842851390135887
4853,3,-0.9589090889214047,1.8874291525921851,-0.5937408448238721
4854,3,-0.726553681632816,1.1741730922180262,0.15874525770830808
4855,1,-1.218922675621775,0.536564162267952,0.3682565042303326
4856,1,-0.3780043585983641,1.7035785979480782,-0.26376354276034075
4857,1,-0.12073463460424627,2.049749942564008,-0.011614248999444604
4858,3,0.22929947846358845,1.3581906498837024,0.7895130492747411
4859,1,-0.06777295153976717,0.4063848059029145,-0.1950398692271137
4860,1,-0.37903922825472447,0.1445051282625463,-0.2827408511765835
4861,1,-0.8091901296156554,-0.10051437375083516,0.03323632100244501
4862,1,-0.8485004767108164,1.3683208422899722,0.3445037503315278
4863,1,-0.7415584427853432,0.5236771562309034,0.4256988955758332
4864,1,-0.5694451131453903,-0.02681690251075683,-0.749886042827269
4865,1,-0.21388807031656557,0.28212673257006304,-0.5233166434974553
4866,1,-0.6746261790073766,0.2827257505123287,-1.116786574050831
4867,1,-0.9472315577022073,0.5403513423826999,0.3656353182447898
4868,1,-0.3838284571911873,1.1422744644977367,0.9070467064158967
4869,1,-0.8268590401425452,0.5990664874030489,1.4498265310781893
4870,1,-1.5192827178631307,0.5641101325980664,1.7801240083971184
4871,1,-1.8170261285879135,0.07432386062870555,2.3223982232008504
4872,1,-2.284923140228313,0.5555723227433584,2.5535532449953973
4873,1,-2.3722242864826235,1.292804192396452,1.713865335317319
4874,1,-1.4942918550735023,0.7867301401940547,3.392582867026093
4875,1,-1.3273799264105501,-0.5526589394060706,2.6938366897240034
4876,1,-1.5247921358137826,-0.18613395757068552,1.5296638590246117
4877,1,-1.5137173187816408,-0.024466500586908912,1.5679819780121584
4878,1,-1.1310055866235036,0.37406641541728525,2.174768398410187
4879,1,-1.1003223056794997,0.5896098647338204,1.4075580038456814
4880,1,-1.382770450218707,0.4497295326200401,1.0501938065058645
4881,1,-1.6646259572862694,0.2933940456302502,1.5741568984973597
4910,3,1.1425019631166935,-1.3248918023068468,1.6521373013700316
4911,3,0.6061869205387252,-1.927065214951198,0.8218160331356779
4912,3,0.7454388969265167,-1.266672877163643,0.570689472760374
4913,3,0.6277066274259824,-0.9848182428014882,0.4124566815607018
4914,3,0.6802580593862766,-0.6965462998578285,0.2791236353338839
4915,3,0.18326562941491698,-0.49039699753526705,0.19913723692641716
4916,3,0.5625966387143113,0.07955014792715492,0.39495291769779783
4917,3,1.2182659328712522,0.01743622544577239,0.021878888125861848
4918,3,1.0326402974661186,-0.4145373461975813,-0.290792612577021
4919,3,1.6289104233888565,0.33074085365717065,0.09475785449894084
4920,3,0.8807667788225833,0.6317501235454095,-0.19402421820331694
4921,3,0.32590607510049113,0.8668025975183531,-0.5827608666509704
4922,3,-0.5686875410784951,0.7500018287866165,-1.3004742390454036
4923,3,0.5079816841169247,0.36227359005799725,-0.11229203512460884
4924,3,-0.11547447053298131,0.5039018397173506,-0.881919720837829
4925,3,2.1920674042248747,0.9976276326173369,0.7545215482592893
4926,3,2.713965643164745,1.5764898343122762,0.2195337207480077
4927,3,2.696680773319328,2.114146093692838,0.20241681793537933
4928,3,0.6590604471019428,2.724276075437122,-0.9778231797505244
4929,3,0.6214364921046923,2.4970332721482773,-0.9780652854143724
4930,3,0.4674941307769004,2.356195739318399,-1.2952217873854004
4931,3,-1.2397557492316853,1.831319626310754,-1.9227065763964815
4932,3,-1.3444307889263356,1.8612809365248224,-1.8671212150327192
4933,3,-2.0485815380965486,1.5014220086740386,-1.9330104671540422
4934,3,-2.1426416588814137,1.4284159693810965,-2.0211908243381003
4935,3,-2.0242450264668927,1.56609312266098,-1.9818502820366912
4936,3,-1.4464681943947442,1.804398845045631,-1.5918580471520871
4937,3,-2.2570927683001965,1.4388518005026218,-1.7436627806031568
4938,3,-2.1717489030234693,1.5548422607012742,-1.7056382596358208
4939,3,-2.386112853453087,1.5695446654294578,-1.765351659431163
4940,3,-2.12422636279752,1.8086129697039752,-1.7045269484012406
4941,3,-2.2395001228764997,1.8322343993670236,-1.7604507976951378
4942,3,-1.3929596426474062,2.3183206305712725,-1.284834870637041
4943,3,-0.8055965707414721,2.7285567466934815,-1.4134983905515246
4944,3,-0.317325863781285,2.7054718439220693,-1.0066851337808234
4945,3,-0.42550672821734303,2.808170276820405,-1.1400555821583842
4946,3,1.0709844150214742,3.1577741288387946,-0.7663875601080918
4947,3,0.7700208052376841,2.645807681497113,-0.0599259296340299
4948,1,0.16223421297671015,1.2477869591559745,0.38922852859757917
4949,3,-0.06003321575814402,0.7460269935892725,-1.1567764189422431
4950,1,-0.5408224751866672,0.10261585090220851,-1.052545616005344
4951,1,-0.32588704746888625,0.5227663063789705,0.8007616335236494
4952,1,-0.20472804965786584,0.9529253943617426,0.3211607216485314
4953,1,-0.19971331739808576,0.4078547340215664,-0.030186347079039264
4954,1,-0.44760008866937584,0.05142327728636123,-0.5014049494483009
4955,1,-1.0302955128768172,-0.017073928862907317,-0.4582988115203255
4956,1,-0.39581167267284145,0.7323371756079398,0.9211128035410211
4957,1,-0.5364681679683028,1.0654943632708886,0.7951520220995789
4958,1,-1.0096540292234566,0.3826965410038514,1.6773775062679506
4959,1,-1.0458096196777864,-0.058036366864057776,2.3083727243350216
4960,1,-0.7282804905569031,0.1605632997490365,3.207899232650177
4961,1,-0.9669692960208681,-0.11145072514540755,3.7142485482825496
4962,1,-1.335133227070485,-0.5241506014996329,3.0326153721341473
4963,1,-1.6069978030161662,-0.3569895966634955,1.153918072478656
4964,1,-1.5788553265311944,-0.19294426272849163,0.60525180516791
4965,1,-1.3593537650475052,-0.17388868596290175,0.5738921812512641
4966,1,-1.4805082344334444,0.08134311923654836,1.5027509378314563
4967,1,-1.1420739858350881,0.7252805701084581,0.6300197280652706
4968,1,-1.245680733635375,0.39517042535698743,1.9545397606561612
4969,1,-1.67130629422889,0.33924492553631147,1.3141213446607953
4970,1,-1.640497234612309,0.1443177006659362,1.7690806220418258
4998,4,0.18507552966934115,-1.6733978464256134,1.5120399499337744
4999,4,0.5942872264546664,-1.8949676332800331,1.4472526146882325
5000,3,0.794945821579286,-1.303916250333636,0.19866665261859692
5001,3,1.6829688390866537,-0.26538391810054174,0.3913696165321189
5002,3,2.3726861342434318,0.6762101010167758,0.4320132677185808
5003,3,1.636496852588006,0.5714367694876618,0.49969004354000307
5004,3,0.7483961176171852,0.45202332416940894,0.20026584117942847
5005,3,1.442814998157842,0.46172378885913723,0.24436095375868283
5006,3,0.9666707542519317,-0.04258274990829214,-0.5084623034854413
5007,3,1.4267316919314932,-0.37738615440478174,0.05950065212243712
5008,3,0.6352176165959131,-0.12146662433015676,-0.815987053047837
5009,3,0.25407210318893697,0.07671457869991205,-0.7073152885499412
5010,3,0.7672714446557956,0.36947896595703456,0.18658417612163264
5011,3,1.6021051165562246,0.38131340966191085,0.4326880353369224
5012,3,2.747709224375271,1.0486825218102682,0.6425063950604639
5013,3,2.097179409192007,0.7909860684932106,0.16146622706829017
5014,3,2.435694598641756,1.3729008983383126,0.14869899794642513
5015,3,2.6817891554090623,1.727565175701952,0.005635100488491335
5016,3,2.723736077325514,1.8698666649960425,-0.027805167317471857
5017,3,0.03061249244514258,1.5269794528481615,-1.0994072975543687
5018,3,-0.9460565428939309,2.0792811888004676,-1.8463533890969723
5019,3,-0.9589838962986263,1.8249302843788238,-1.8472304109826907
5020,3,0.32166121681855897,2.4795748907421005,-1.3329564733299826
5021,3,-1.0400062065002809,1.9177711903327563,-1.611276937291113
5022,3,-1.9508479212767087,1.4178348361062523,-1.737620853012186
5023,3,-1.20917359158338,1.8072422146282887,-1.8026445915817209
5024,3,-0.8518102309042233,1.8468811068128757,-1.4265092936016412
5025,3,-1.166441007434546,1.5558249171114031,-1.4835685746850436
5026,3,-1.4508218556778,1.595162631730038,-1.8556278801689572
5027,3,-1.4904962087124893,1.8822630414222408,-2.200663214058927
5028,3,-1.7256853845063276,1.725793813314879,-1.9312126099800362
5029,3,-1.2912077912693405,1.9559358266633027,-1.6314864964011964
5030,3,-0.8743104880791512,2.3138182147530446,-1.539942452350844
5031,3,-1.4290914280782547,2.013434340780968,-1.5816466365770654
5032,3,-1.016435614832684,2.3338777889852205,-1.5377724549667782
5033,3,-0.6401819614606494,2.7803978886216134,-1.7339389671213865
5034,3,0.15201934853348065,2.8327357563389137,-1.0271729785675316
5035,3,1.3474697092841448,3.191081994755422,-0.536082106247443
5036,1,-0.6026306689851162,1.9447635633234384,-0.8332706079278164
5037,3,0.9227157456694156,2.2116503473151257,-0.45286309290931903
5038,1,-0.058684442711317786,1.0813380495204803,-0.546001703235181
5039,1,-0.3700464762660385,0.2324726175048964,-0.803933708920854
5040,1,0.022249813952869138,0.43635069548474453,-0.6970075729011465
5041,1,-0.3705679287001701,0.7186109549089424,-0.29064219656631834
5042,1,-0.1743308206925661,0.46089762018572145,-0.004653857776865181
5043,1,0.06343945040040347,0.22907688575738006,0.16443020787970725
5044,1,0.004634998526325873,0.8335013111447501,0.5908004706279304
5045,1,-0.20679330152171305,1.2602892627687894,0.48907796110891366
5046,1,-0.47207346469224204,1.0397505455191836,0.8463825624548704
5047,1,-0.3853155411033304,0.17528486405575494,2.1692713047011463
5048,1,-0.627503802564541,-0.019988814314084724,1.2855656595828808
5049,1,-1.1439582882700112,-0.3626471263447869,0.7906761691886659
5050,1,-1.3194779263966208,-0.2692017268647452,0.30699532533738316
5051,1,-1.4573549160135637,-0.12569697641677835,0.2886896009687806
5052,1,-1.4635947245747738,-0.10691974361853562,0.2892030667910493
5053,1,-1.4115476881378584,0.01670644897457063,-0.036189685622519174
5054,1,-1.4917203535843773,0.2358202746596736,0.905634704047328
5055,1,-1.5817861270323035,0.6036910719440844,1.684371732472833
5056,1,-1.5991805053447001,0.3825845752990873,1.2566363268576106
5057,1,-1.6195638569894162,0.3395776491319864,1.442249072549581
5058,1,-1.6183391473763313,0.1336508494383517,2.028318515080674
5059,1,-1.8729868440517097,0.5284241976887913,2.289972736942352
5084,4,0.1204732437166105,-2.8823223328457734,2.756290667582745
5085,4,0.7011306598428511,-1.4838684025945978,2.1714600986990003
5086,4,0.07434590181004441,-1.7988900833636914,1.8581877118728736
5087,4,0.6284979936121974,-1.6984137303989013,1.4148842982792107
5088,4,0.8654868119256536,-1.3368912146414673,1.1626117246901313
5089,3,1.500715685765782,-0.7130959720457927,0.37895460421903643
5090,3,2.1660709324427705,0.20726452236387982,0.29030336324317385
5091,3,2.713852262806533,0.7737160377059547,0.4432465327351659
5092,3,2.7315720538064032,1.5554281839133504,0.18925593052466994
5093,3,1.3051960769235442,1.402969788139629,-0.5217581123229184
5094,3,1.7978243232023114,0.01956308432799847,0.400693736184609
5095,3,1.6049946860134487,-0.28234482911791514,0.23655318430115993
5096,3,0.8280430451973898,-0.4360869555336462,-0.3644003198510478
5097,3,0.5698208505562858,0.1619424552473278,-0.26043541039086765
5098,3,1.6553598005764154,0.004212552902123079,0.43729952824514584
5099,3,1.0951077163713674,-0.06454548356328826,-0.10956870458859505
5100,3,0.9397676062098173,0.8445935006519538,-0.5665614190109699
5101,3,0.7656424754076413,1.1670995479968127,-1.1918959566636227
5102,3,0.2578791309102341,0.8992380607364036,-0.9362239307066251
5103,3,0.6740953079860311,0.9896352996304656,-0.5974917909274214
5104,3,2.422641535207583,1.2064320441799181,-0.11314976444061828
5105,3,1.4258406239547101,0.8787957134554385,-0.3032346922179366
5106,3,-0.6980131771195267,2.252009351614921,-1.4847810725187005
5107,3,-1.1959041435969144,2.027926440361137,-1.9086347544285431
5108,3,-1.008861988059004,1.8399853628005771,-1.5919553609149566
5109,3,1.91930686761221,2.2294995350037974,-0.4584570981877415
5110,3,-0.5833136306842119,1.9122071246691674,-1.2407558972200161
5111,3,-1.812417309613762,1.3234549577087946,-1.6884771688007538
5112,3,-0.7112202467723754,1.8154157450217014,-1.381090275160354
5113,3,-0.4879383229636976,1.84415809844144,-1.299922732017115
5114,3,-0.9123240080380053,1.6117335816679257,-1.7046453727786446
5115,3,-0.6651898668054055,2.0007571821376553,-1.7433817461278556
5116,3,-0.5482489146097818,2.2523466293347334,-1.7705615545449136
5117,3,-0.2778008235504738,2.5155301404609514,-1.732679987782745
5118,3,-0.9645330420366525,2.058059223535939,-1.8327387642824733
5119,3,0.09944449510331221,2.608677511506191,-1.3154642015251008
5120,3,0.486036446588744,2.9201106002058355,-1.253215676088225
5121,3,-0.26087980622776064,2.569464515656781,-1.3963935288795586
5122,3,0.8028365722154596,3.1526802303033294,-0.8783119383453102
5123,3,0.8128903579657891,2.940537064647737,-0.6128524806685237
5124,3,0.6286102716595686,2.7955499912071056,-0.6733335747348307
5125,1,0.15820225014860223,1.9200976807908936,-0.1370726720889025
5126,1,0.49974481565426965,1.634829099492721,-0.7578073606412552
5127,1,0.004371762461244599,0.7874326046712576,-0.287218800509014
5128,1,-0.10013720708250946,0.5131866921313547,-0.32741054314510853
5129,1,0.39515693800927487,0.9421330241835509,-1.1080718213968583
5130,1,0.142594022497533,0.8323973896445204,-1.111154534710981
5131,1,-0.2281482070507722,0.3735708163099737,-0.8249525196322799
5132,1,-0.027123197495958484,0.5376351459026244,0.21243141087659753
5133,1,-0.6876640050499634,1.4294578458458849,-0.22467423823351312
5134,1,-1.0001661879941945,1.1901244997713363,-0.059632374483337164
5135,1,-0.5847468025668507,0.22962969132796962,0.7542858353417141
5136,1,0.06454517349833827,0.24065920384110095,1.1355332233444049
5137,1,-0.3039087265740482,0.42240236820131605,-0.44068720185461296
5138,1,-0.8240227990180587,0.2345891489117493,-0.8354184780497471
5139,1,-0.7381464491754148,-0.09716926436849982,0.3089341460198667
5140,1,-1.210277426958767,-0.18750822945913648,0.47831716858273393
5141,1,-1.34160141026062,0.10807363813343618,0.19542015471830682
5142,1,-1.4521786517789947,0.14463434443449485,1.2274228806649785
5143,1,-1.86239396436889,0.32887444830676604,1.5793413281696809
5144,1,-1.5998072181052683,0.4061565731561987,2.072654203705573
5145,1,-1.9326567131867218,0.7336074351883537,2.3278429082850147
5146,1,-1.8060774134185769,0.22344032043925055,2.3903924129569862
5174,4,0.627789468060872,-2.780264859196577,3.22076487463796
5175,4,0.2934865121221787,-2.2268122355268765,1.8590184044225537
5176,4,-0.034693714987083846,-1.94934072299932,1.5017397575491431
5177,4,0.564316375096464,-1.7442248451825788,1.519605726141809
5178,3,1.9403452270799306,-0.20268892976448183,-0.3595786149845053
5179,3,2.3406199424682685,0.3820331828726742,-0.11175110188396425
5180,3,2.389353252180821,0.7778431817787335,-0.03403796566730134
5181,3,2.2024552549331635,1.4088952454337924,-0.17119770594773379
5182,3,1.6752874555812347,1.620791441238074,-0.481278655258932
5183,3,1.2718681201570388,-0.022028237689699193,0.006951719855377861
5184,3,1.3850271563396515,-0.9621913875113518,0.6825311144830275
5185,3,0.9318007865724056,-0.1497968715255068,-0.09348872470571298
5186,3,1.0616577042915345,0.5308196021021724,-0.10460352427635533
5187,3,-0.3611618582400654,0.38241583186070666,-1.164195803256505
5188,3,-0.9238995567361238,0.3894224691284018,-1.5268768811652635
5189,3,1.1359958334144913,0.9844988023484673,-0.5926762758471426
5190,3,1.9352232179194953,2.0413618065966364,-1.0051257205597144
5191,3,-0.1726593519068917,1.1615943661553796,-1.4173380802694877
5192,3,-0.5443799558291766,1.15141505788647,-1.489719957667849
5193,3,1.521677916316024,0.5879498137117036,0.4777889717413998
5194,3,0.9452645212606179,0.19590068658914706,0.24665814442558187
5195,3,1.428259511882337,1.7099457231090691,-0.21588093093655691
5196,3,0.3077801020662136,0.797074549811778,-0.41154007194122383
5197,3,0.42991186732008607,1.4931861264311908,-0.23031812896103704
5198,3,0.945009619799008,1.2755073267802688,0.15304773367807945
5199,3,0.7586781936233788,2.0001012047584696,0.016494769210115473
5200,3,0.07214368868865428,2.170753663936492,-0.8456692679226748
5201,3,1.1758231874285563,1.5923672674500122,-0.2027491050362003
5202,3,0.36299549810822995,2.3206596830867365,-1.1380611741957063
5203,3,0.6213089507315002,2.49565813312557,-1.1677459254709024
5204,3,0.7629279307702818,2.8446502482669715,-1.497732869557692
5205,3,0.2113460948759095,2.632705780401486,-1.5824698028572517
5206,3,0.7161716522008396,2.9315400911773537,-1.5006616845882577
5207,3,0.5735656609932696,2.8727748392302246,-1.545384728629334
5208,3,0.6092993949378954,2.554701463230394,-1.1784578639350174
5209,3,1.1836420150723306,2.9690995236033793,-0.8837936411985727
5210,3,1.4163849980515133,3.2127209190539268,-0.5984703105380048
5211,3,1.1444114400442638,2.85894659512473,-0.4061196960443821
5212,3,1.2139385363389636,2.89609788148113,-0.30198286141236197
5213,3,1.0692357204032832,3.063900734468728,-0.5782437072737603
5214,1,1.2199044614479677,2.1979280331870767,-0.4838032703717222
5215,1,0.1535754331106215,1.0024826276019532,-0.5955097405629817
5216,1,0.4390289300713281,0.9429226657597909,-0.8472440910010391
5217,1,-0.37316686233947893,0.08345490719150966,-0.8912262709119594
5218,1,-0.39919396089758324,0.33557813934935254,-1.2555594897356515
5219,1,-0.7167314694427752,0.048188771775412406,-1.228395688594239
5220,1,-0.651426361704226,0.29445746946249585,-0.26286645727542757
5221,1,-0.4177935790625632,0.7004411045652299,-0.037228450903629695
5222,1,-0.5768778760106431,-0.007516835064307004,-0.10744184664330464
5223,1,-0.9903365581144099,-0.28262942260153634,-0.020376637440670732
5224,1,-0.8291424792750222,0.7993102659451558,0.5803581371444628
5225,1,-1.0175360260126898,0.9770081972918163,0.30173326524114885
5226,1,-0.7361078690486131,0.79405950819386,0.9230684078984027
5227,1,-0.8962169409398768,0.10572085423192934,-0.2969357276852661
5228,1,-0.9214037703569591,0.24462013996002774,0.3556784665494086
5229,1,-1.4985583273181093,0.22315520414816314,-0.3397603105251198
5230,1,-1.2613209211223513,0.0600493366990279,0.7093971602489422
5231,1,-1.1616617489353191,-0.10221346063704462,1.6945387461699015
5232,1,-1.2506344510601073,0.14610880436453977,1.2949510455127462
5233,1,-1.3340160785527049,0.19454648366360727,1.6061971279358005
5234,1,-1.893683900128821,0.5820721989722797,2.47260272774426
5263,4,-0.20231709759041383,-2.8469997500327833,1.116050950444747
5264,4,0.43054095515677726,-2.249393923098308,2.1788626956899364
5265,4,0.403353263814771,-2.0933575849583703,1.796336247927132
5266,4,0.7738096858684606,-1.7609626827263722,0.7933724057162047
5267,3,1.75213814582969,-0.5637688422666804,-0.09208544641786501
5268,3,2.850834063189252,0.7380474332313112,-0.2210492589844552
5269,3,2.6549198901163193,0.9833067960576686,0.011430581173315357
5270,3,2.9168545266694195,1.5909080209084043,-0.0463039571617259
5271,3,2.562768593600329,1.4260317074692872,0.12740377696563882
5272,3,1.3139477047246884,-0.4048764328534139,0.4844935185657509
5273,3,0.7335363487639762,-1.578526023647198,0.8489922772849156
5274,3,1.825221048559987,0.3819650296222624,0.4616704226314563
5275,3,0.8495055803672675,0.6041570979077104,-0.6531637396789602
5276,3,-0.22591237103283376,0.5403000558576916,-1.4236440832235693
5277,3,-0.06068616701807729,0.8588059945128627,-1.4051668803561355
5278,3,0.6229291425133282,1.054256898552166,-0.9833448239153016
5279,3,1.8413685597861673,2.186330601302259,-1.0230822381091396
5280,3,0.2271781089073752,1.1798306856300689,-1.066381906178509
5281,3,-0.9024705364962706,1.1097632220440858,-1.5522664294976007
5282,3,1.6676115333050499,0.7570607383777728,-0.034235247810243986
5283,3,1.4187127857110933,0.520989534353916,0.5387241456879193
5284,3,0.6566209104216593,0.14573785064853764,0.5033758265337778
5285,3,0.45934035704133697,0.22603936939448535,-0.3371037000393011
5286,3,0.039190411167584094,0.08153758794934898,-0.0044871913216271465
5287,3,1.101937126153784,1.2283144925886824,0.2935567458382042
5288,3,0.9528822492153718,1.1409958554618456,1.075840021090384
5289,3,0.37530420382662966,0.8151859028332119,-0.33337821481927443
5290,3,0.26687668730870767,1.008292099630835,0.11149305707265063
5291,3,0.5826496653017922,0.5311287113857813,-0.3833059284023117
5292,3,0.342852537332889,0.9869681630856939,0.42181154800409393
5293,3,0.5138894007045138,2.461909497066462,-1.1775918883896341
5294,3,0.6169871199858988,2.9114752211554227,-1.5105515744309745
5295,3,1.884343388889937,3.3084856837169876,-0.7446689139673741
5296,3,1.8121095286910764,3.1660298171279644,-0.7276438877000014
5297,3,1.2817670309708555,2.6836607181580288,-0.7960956669496382
5298,3,1.8656341700134915,2.9002267875625067,-0.4135919766313488
5299,3,1.7646446684875379,2.4886999802021466,-0.18297482415441185
5300,3,1.9124473386123548,2.702930328532314,-0.13883090983794205
5301,3,1.6570638276969867,3.1173832298925266,-0.5404248213876119
5302,3,1.25458068038076,3.1894253918174296,-0.8544293868127222
5303,3,1.1688269037038723,2.32311049112736,-0.579602113042571
5304,1,0.8378068040501817,1.2831522821506425,-0.7446602189576198
5305,1,0.3991034605743523,0.6931991504643179,-1.0269408360221837
5306,1,-1.1667598692557348,0.07697570384007546,-0.35514948115388667
5307,1,-0.7659639903345472,0.5502782635296494,-0.35657895458688404
5308,1,-0.9626396491100728,0.1274624891588868,0.2607732173583112
5309,1,-0.8961578659209146,0.17648999719531328,-0.1340071422020097
5310,1,-0.6430928485961612,-0.1523405282835973,-0.41328807323964795
5311,1,-1.01025606091146,-0.1776567782468145,-0.7538500475283386
5312,1,-1.1716721420611411,-0.22732781399917062,-0.5357190122361908
5313,1,-1.4858023683699102,0.883912129424812,-0.11206662287443059
5314,1,-1.0857650054223418,0.6054038107100165,0.46361942774835163
5315,1,-1.2144148456748074,-0.03137765400335102,0.23265812598554428
5316,1,-1.4537043009954203,0.2434169442829679,-0.5390375042848427
5317,1,-1.2570868568137068,0.2608518282850626,0.1937958662607745
5318,1,-1.5557990304394518,0.3753023191705459,-0.3671527807326753
5319,1,-1.3647206407113661,0.053318183086860094,1.3475785025809024
5320,1,-1.4321786547226965,0.14423561733411217,2.1968488509670427
5321,1,-1.5198230324654145,0.4342113272228967,2.317938465103948
5322,1,-1.4467884420320818,0.3350429625810436,2.571788743781594
5350,4,0.2963007246324867,-2.3340529123667944,-0.8343854805318829
5351,4,-0.09368034783101775,-2.578494266613211,-0.5190278084239119
5352,4,0.3233555031158847,-2.9047237144575133,0.9871646707015143
5353,4,0.5307964659171536,-2.7308960980691093,1.7443791532625528
5354,4,0.6108560258607876,-2.447364034925247,1.837601880498468
5355,4,-0.0924793466500683,-2.285038556047893,0.91698201891939
5356,4,0.287374330752075,-1.5249079378974921,0.022454146842562916
5357,3,1.0775574984051008,-0.7544681753444489,0.260102215909802
5358,3,1.6441026141137063,-0.15409139920554504,0.4209621663877242
5359,3,2.2112256170940907,1.299166861988439,0.01314859974689156
5360,3,2.20594176281993,0.7660519310852468,0.2375411289155359
5361,3,1.8345594678967199,-0.3535569299698855,1.0056939435767547
5362,3,1.70681678405926,0.01527612730240191,0.12748418842892878
5363,3,1.6931226384417897,0.2710494969913789,0.3616705998376393
5364,3,1.7339301726661616,0.8008965462665798,0.16732458213086188
5365,3,0.39255513824220584,0.7475922541546383,-0.8036932886760083
5366,3,1.220957289464447,0.8528657145400111,-0.3924254926244122
5367,3,1.4559875416337824,1.2309291778811513,-0.3319650247385171
5368,3,0.6441590040656435,1.4269514421756684,-0.9762037092027892
5369,3,-0.06024094884473927,1.169766002529138,-1.1236270348160975
5370,3,-0.18544442805726066,1.0185243371660695,-1.1322742188748323
5371,3,1.5260732430137898,0.46664806107854506,-0.117624356651998
5372,3,1.610465776113655,0.8633012356772771,0.1987338587012089
5373,3,1.0400741291512068,0.4111697069462855,-0.4591553515788034
5374,3,0.7536441868347767,0.47232231840291283,-0.5919505915338164
5375,3,0.9859550025749084,1.3962928495756124,-0.16031496934320383
5376,3,1.5291248358277907,1.5127171347280868,-0.42999280985539157
5377,3,0.5596118434500597,1.1130478165167472,-0.8964794604417166
5378,3,0.44878254223597197,0.7680871056178343,-1.194724342441939
5379,3,0.31127045701448425,0.28858555804136543,-0.7761824208322424
5380,3,0.03994707417997623,1.2344489953057298,-0.7360747713089143
5381,3,0.2112656894214836,2.252393937088619,-1.050511833246358
5382,3,-0.3057830137084694,2.232240627369263,-1.5776126661706364
5383,3,0.5545907916497259,2.80499223527328,-1.4605441548467701
5384,3,0.1960023429187815,1.6758843443201752,-0.717456786449955
5385,3,-0.2586201595123886,0.7931236455920216,-0.05623499966950638
5386,3,0.599825646132417,1.8813119465582873,-0.3994512014819282
5387,3,1.9477552182812778,3.183093159123837,-0.6597710964027751
5388,1,0.17226651653686537,1.1284831061192768,-0.4878700032491723
5389,1,0.4726847148750315,1.5852304433646254,-0.4334460223846655
5390,3,1.6209723530681208,3.4674989083982126,-0.8593631402214857
5391,1,1.2541388199792056,3.418738446122774,-0.9323912685622542
5392,1,0.7157753991764779,2.2443336305369566,-0.4561710591884623
5393,1,0.4525941683898468,1.0642544684226305,-0.6255110331684957
5394,1,0.004778461485319643,0.20645662362848505,0.2602674349166696
5395,1,-0.8571085407449565,0.8328911194480061,0.30688156061901245
5396,1,-0.5370803406035868,1.2485554526424627,-0.29654992590440565
5397,1,-0.5848414236559826,1.0011774334338968,0.20809593279600908
5398,1,-0.6116304145833623,1.142361185050832,0.2357756444663451
5399,1,-0.6074694333138527,0.15883258541899148,0.29462368392746097
5400,1,-0.9566119131244077,0.4951643899879946,0.10243488849910984
5401,1,-0.7332131297581042,2.2306135016403386,0.9102149392207289
5402,1,-0.8876465472849544,2.1775597993136566,0.5476715624370165
5403,1,-1.2804035772362325,-0.19855738476535106,-0.5663048366734138
5404,1,-1.6109016675275725,-0.012112884934399104,-0.6215389765553883
5405,1,-1.3057245787672165,-0.16758830233956756,0.20642225451593224
5406,1,-1.4735227135843494,0.15908695009172935,0.5511079934804888
5407,1,-1.454318299369918,0.22773346373909198,0.7467834023651857
5408,1,-1.1101197828090514,0.27534111431686625,1.616824607596624
5409,1,-0.8357825992308184,0.18145619143245106,2.3072846420979616
5410,1,-0.598879736668453,0.5878169694025388,2.5474963859663653
5436,4,2.8594453435090017,-0.5753806695460866,-1.0709882215789295
5437,4,1.5592820591686491,-1.6305705877913785,-0.6812864972984822
5438,4,1.4936648460153594,-1.6634283232818552,-0.6919044850540028
5439,4,0.5190082194088718,-2.351572475432574,-0.6575072929557249
5440,4,0.35481072624762156,-2.441102063550222,-0.24026014247663602
5441,4,0.756419873523358,-2.910661736247455,1.6331802936736417
5442,4,0.6893513117500156,-2.55871950018399,1.3071164022429502
5443,4,0.2916433814252608,-2.5673437005801514,0.7829627102792972
5444,4,-0.7771412391635423,-2.4043670030292312,-0.11866287298517819
5445,4,-0.5285592016276643,-1.874554204084856,-0.3626970948321663
5446,4,0.0039609598500425225,-1.5387660629088324,0.36425661099285034
5447,3,1.9620565044796558,-0.03823382141789444,0.9886075172258045
5448,3,1.7310162474186603,0.6604602264900172,0.5458590796634409
5449,3,1.3034178060586008,0.0050582296111170155,0.345441787689242
5450,3,1.232992283807573,-0.49381261513023234,0.9129166497306223
5451,3,1.9489503053823887,-0.05787980081178201,0.7642988428096469
5452,3,1.2100072625750804,0.6523470428211167,-0.6089522105772964
5453,3,0.7054967821626792,0.7951799377163071,-0.9870365963036162
5454,3,0.5256769230505624,0.8808915260626065,-0.7851198190694497
5455,3,-0.75796161662556,0.6548805343353075,-1.5600065313221259
5456,3,-0.07170755424280364,1.2629838261371789,-1.1659882070906165
5457,3,1.0801739063314806,0.9255364508826749,-0.1416136962452011
5458,3,1.0961249957980028,0.18341700476852363,0.2188648498907102
5459,3,1.5511286955840635,0.18009740305961752,0.19361486194168095
5460,3,2.2020445032787936,0.9130012738427604,0.6402804853216116
5461,3,1.4523117960097485,0.539838588864582,0.011864073526805588
5463,3,0.8042570292214819,0.9843785332596612,-0.4603493538389604
5464,3,1.1609182541248897,2.1085069760600144,-0.5836376690130352
5465,3,0.7277396720701873,1.0031316542121205,-1.3270506354496403
5466,3,0.21601010514410698,0.6346894813916032,-1.482478512537813
5467,3,0.662223798627231,0.863398324552664,-1.4263373939864405
5468,3,0.8138449748714319,0.6767213241661689,-0.9574128856702212
5469,3,-0.25150179583259413,0.5176063988025161,-0.8158810575577655
5470,3,-0.2856829543345061,1.897047478932445,-0.8430731731271435
5471,3,-0.5687099737259451,2.290976008509796,-1.6769487814204194
5472,3,0.08175118630243439,2.769609721225212,-1.3514841445346057
5473,3,0.7379673247301802,2.6536577593403443,-0.7161849060895662
5474,1,-0.22209239002557926,0.25652279299883596,-0.031254046136897744
5475,1,-0.2014349199499728,0.7019858160690057,0.5083105575874605
5476,1,-0.26395755233263973,1.5792050472059869,-0.5599671145297203
5477,1,0.07407249627511996,0.6757612534021548,-0.6804319974349625
5478,1,-0.30251322452789087,0.5952497071144875,0.011612033409867703
5479,1,-0.2950858225028644,0.7609488392082323,0.10856314239046795
5480,1,0.4821257280681136,2.2788331112147304,-0.4412006589816947
5481,1,-0.006952211491415394,0.9381126169358006,0.017379789662832087
5483,1,-0.330131894800405,1.3349208341966408,0.6870427813603254
5484,1,-0.42141584361563894,1.7621802848358485,0.29097763995130566
5485,1,-0.7532612057853686,1.5488788066794914,0.21459623095752636
5486,1,-0.9064417819123888,1.3573762184038225,0.29232393418996727
5487,1,-0.8192770124804849,1.5576027421163718,0.7134915833484942
5488,1,-1.0409944646951506,0.12197467299455789,0.5851925351774413
5489,1,-0.6477610255087723,0.5487760442607534,0.044573234411423746
5490,1,-0.08673662306418783,1.2496406847766905,1.0710364792590412
5491,1,-1.160896465709163,0.21781764504855738,0.8028533673734533
5492,1,-1.0035658452717566,-0.22827398159834378,0.8963475435610195
5493,1,-1.0999634021266678,-0.37222076463205334,1.1684307287068463
5494,1,-1.299892698938959,-0.6399144092263572,1.1891205498679407
5495,1,-1.3676808800567681,-0.4016643550036214,1.0269604214149584
5496,1,-1.1901026610376488,-0.19474500917710746,1.1277576771600608
5497,1,-1.121358101053615,0.18646365730496361,1.6579127947018029
5498,1,-0.28092131241228036,1.12893734808618,2.2888781977110866
5499,1,-0.05346639593761071,2.0416342510392793,3.056953714615898
5525,4,1.3935526783247767,-1.588058888807045,-0.8028490183200739
5526,4,1.3635678121454522,-1.791588431205099,-0.41766735615922124
5527,4,1.0842724800263404,-1.927774211788212,-0.48813257210813243
5528,4,0.10613166829067044,-2.410118877499318,-0.7604099293261636
5529,4,1.0820884531324682,-1.936966127306332,-0.20388076179871006
5530,4,1.421536891418498,-1.8012265117215305,1.0853216616158565
5531,4,0.7283024478851755,-2.168990509239098,1.136052493885848
5532,4,0.5855381863481626,-2.202592032207692,1.2050647170190933
5533,4,0.30824629199135223,-2.0116136816947243,0.4592738952638207
5534,4,-0.32199568130304645,-2.0215299661710344,0.05291276567037281
5535,3,0.7617937068330054,-1.225239992729025,0.9089569514083596
5536,3,2.0151756054902394,-0.636827673879079,1.822230958809309
5537,3,2.0080692724780254,-0.26811925360605815,1.5473215095005983
5538,3,1.6507463127604942,-0.11787865279921528,0.7042820658940674
5539,3,2.2203436649435253,-0.10777445206136782,0.9806479184967312
5540,3,1.8221878733051393,0.22481422258394812,0.8012392904894597
5541,3,-0.3812876018713375,0.2474415217617914,-1.7630081725132483
5542,3,0.9029113557133215,1.3763390116911531,-1.4786475397179812
5543,3,0.8380663558426106,1.7226202511713713,-1.5364338687164942
5544,3,1.2201329153557654,2.0241474607210774,-1.1619926373728222
5545,3,1.0664335515728727,1.3377082528273023,-0.36598132339314654
5546,3,1.7425109321466499,0.19969817284437985,0.3425814713203018
5547,3,1.348855869408632,-0.3303589949673151,0.9994057403423254
5548,3,2.0073628501385956,0.597983527379038,2.256233750058783
5549,3,2.020220480934943,2.5910299722777124,-0.4602494963899623
5550,3,0.7636412870741665,0.31855771518882675,-0.12807207342076105
5552,3,0.24438840151787683,0.27740283879529315,0.5318219041367549
5553,3,0.7894398066121844,1.2464131633170448,-0.1265001736424079
5554,3,1.0567612153748553,1.1984477205144037,-1.287972428237183
5555,3,0.6988421358126771,0.7944192782229815,-1.5589566493846239
5556,3,1.0848959623482597,1.004979578905595,-1.4914857385495237
5557,3,0.007028325010758021,0.46809414196387705,-1.5830072384609932
5558,3,-0.22314114611469488,1.1777101210029928,-0.7985307403843833
5559,3,-0.008128372125343009,2.639823322889322,-1.0821041950938164
5560,3,-0.2269408700265374,2.319623536037588,-0.8389274661563135
5561,3,-0.49784361680119227,1.0040064931713233,0.4550572926552927
5562,3,-0.3579686609947042,0.29589013826177507,0.03933230237646273
5563,1,0.16503978291595311,0.45886575779568106,-0.1487107192112159
5565,1,0.7759479417660263,0.8138204255422914,-0.04600201531867028
5569,1,0.3261387858699861,0.5400094481287172,-1.0316595069352454
5572,1,-1.2065051279586267,0.6749834103625484,-0.04395665105442931
5573,1,-1.5214457237738406,0.1451015605263588,0.3781281934241081
5574,1,-1.180112154668401,0.6261963137340387,1.323827743566758
5575,1,-1.0790798367662309,1.0854911444528226,0.9304057363330515
5576,1,-0.581132875341756,1.4627258825019473,1.6162209166441717
5577,1,-0.9434269212107758,0.365361493762813,0.6597760004586726
5578,1,-1.3953972037401994,0.7462159067934179,-0.18160187598037275
5579,1,0.038361863551392705,0.8589916730736824,1.427168698289508
5580,1,-0.49139298362577843,2.9596519755060395,2.1446422278487383
5581,1,-0.18754831205362366,3.3733254560450847,1.848288034524072
5582,1,-0.5606974891776952,2.8027936992900924,2.3231718655350635
5583,1,-0.9647259871336562,1.615391541764335,2.4727797480673335
5584,1,-0.6936102231194087,0.2871199092793615,2.540158431983763
5585,1,-1.056310861431799,0.14129855627191623,2.482557051730009
5586,1,-0.7761732892582232,-0.09039875579767553,2.7703657096223195
5587,1,-0.3756021482865275,0.4574192657540379,3.685565361019484
5612,4,2.4769361315336114,-0.6398052676648112,-1.0483870289767996
5613,4,1.7459765398427871,-1.3892672024094153,-0.11127809535713223
5614,4,2.248133232190332,-1.1083077849151606,0.03730577582035724
5615,4,2.3558983137896137,-1.1220191497914151,0.31492087495531673
5616,4,2.1140636072553374,-1.2535086047171617,0.2673176830840542
5617,4,1.0676734550046294,-1.9360690364268434,0.09534667115502024
5618,4,1.9820261049998948,-1.461027611612071,0.9968727322193818
5619,4,1.3638350327814934,-1.6978813634160979,0.5138012034804966
5620,4,0.9122866832148521,-1.7600810132190696,0.5004024665985907
5621,4,1.0928262749286908,-1.6856876822293896,0.7132682989308097
5622,4,1.2158596625981342,-1.4954463675314258,0.6001960996210631
5623,4,0.6382037397966965,-1.566343465524929,0.1070884471622805
5624,3,0.12846700761779373,-1.8518920190172405,0.6502652268032489
5625,3,1.6864071839108896,-0.4935138772273704,1.3196814368889445
5626,3,1.598573600149245,-0.263716298938684,0.993573525782327
5627,3,2.218402427801278,-0.10271034148710712,0.6143635317627076
5628,3,2.3051270996453197,0.379666601590696,-0.04587143780260891
5629,3,1.9782928406043971,0.9308684290924928,-0.1843768315193493
5630,3,1.800168105502079,0.5905942477368793,0.06488927339201499
5631,3,1.0865696916292558,0.8601873269552427,-0.8771369926978888
5632,3,1.9367184335145886,0.6556309640843,0.2875946382088321
5633,3,1.5068312824754586,1.3486017189700572,-0.7132099035811299
5634,3,1.379713206435157,-0.06683829012027476,0.029797865709377577
5635,3,1.1943292139060508,0.18715680297043435,0.34671446011838636
5636,3,1.273955542774868,1.2639287590709722,0.49154834489197347
5637,3,1.8709093737364275,2.7599441826109734,-0.740725844281841
5638,3,1.2765929411403438,2.16873499915413,-0.3996534374423088
5639,3,0.010613429913328226,0.20897174460915344,-0.7173068017322206
5643,3,1.2091320003015422,1.6712255774578817,-0.5943779597521366
5644,3,1.7439502977496677,1.4507339526281917,-0.9354720887694526
5645,3,1.1535137483428564,1.078770373834533,-1.2929551921343079
5647,3,-0.6866735271318584,0.25599572169663504,-1.1463639639046646
5648,3,-0.3759956862351824,1.83991605353626,-0.3436111271567447
5649,3,-0.3940238186820928,0.23292790978918546,-1.0740184231030026
5663,1,-1.196903165662207,0.23009499126534133,-0.9517348774376015
5664,1,-1.3193561838145689,0.05368887776015163,-0.09751034911416484
5665,1,-1.2357645727405004,-0.03287345642657291,1.4052127586727607
5666,1,-0.8271276227879708,0.9481243525221612,0.8340984510529301
5667,1,-0.7120392546990384,1.3764226501695982,0.695312478295728
5668,1,0.20168120695088732,1.6424077392047884,1.662679195875104
5669,1,0.6161528301330136,1.9790441014710534,2.5204015359891168
5670,1,0.3836589808544013,2.890001829649159,2.807502558214589
5671,1,0.024700487629339962,2.6329655188672754,3.139360822736708
5672,1,-0.6727851506716429,2.033576418231026,3.2400199696333787
5673,1,0.06458782064512147,0.5783964718012394,3.5453129049474352
5674,1,-0.11501360597332488,1.848520594785892,3.4207492001128164
5675,1,-0.5673578250320147,1.4181079638580365,3.843360070121132
5676,1,-0.6153926909515345,-0.11701723727324054,3.3945279798271204
5700,4,3.7113455690462835,0.7221605950774337,-2.9165445671135144
5701,4,2.1662793790848602,-1.115252710366173,-0.38891120851054173
5702,4,2.2769344181254754,-0.7898298663870991,-0.5805448375704603
5703,4,2.406707615256421,-0.6830602391684728,-0.32787072114922866
5704,4,2.32339771386527,-1.4038345019565361,0.46065859717437413
5705,4,2.3192461319245083,-1.404617879171004,0.9694103883631731
5706,4,2.485188917217588,-1.0090733650331374,1.1529718973609504
5707,4,1.8331022873492657,-1.2325177326658405,0.5325665388322294
5708,4,1.8812846843309994,-1.5391116080318428,0.28185875406871913
5709,4,2.2062659215275704,-0.7921925965445249,0.1089197553796076
5710,4,1.792569427319326,-0.94993576415141,0.18512284015605251
5711,4,0.913269568787519,-1.2731149096338565,0.049069689538371264
5712,3,1.3096964219382956,-1.1821111960923731,0.5225594280867137
5713,3,0.668249509944206,-1.666607273382907,0.699114635291354
5714,3,1.8778694139033052,-0.2536673909906879,0.9325015206703519
5715,3,1.5330607283421394,0.13844930976534187,1.1422930141080188
5716,3,2.336058820606554,0.09743888669568923,0.0015096059431849163
5717,3,2.3942673283631377,0.5422644183738656,-0.6089656824418104
5718,3,1.7641188437192001,-0.03753532471841292,-0.3033308740540912
5719,3,1.393154403544512,-0.5181646990830672,0.13929790183926416
5720,3,1.1838252750642748,-1.1251509244321143,0.6341930503562765
5721,3,1.020161535261796,-0.7698823964656437,0.24749513070323859
5722,3,1.1444751645329323,-0.08546527842105478,-0.2085952998449449
5723,3,1.9540916664050014,1.2582371899972822,-0.352911464062735
5724,3,2.022775094616704,2.1839672289565826,-0.37372864521944793
5725,3,2.0463210420163174,1.909952773762441,-0.14387972264254748
5727,3,1.5995393578864412,1.6752903197764653,-0.7402901904051935
5751,1,-1.2193928096421622,0.32706455171005977,-1.0098462788416978
5752,1,-0.9764682435941614,0.43812002763670566,0.783940345149541
5753,1,-0.7420236929329647,1.7414225571161288,1.0759765586241004
5754,1,-0.8493531182258622,2.066881818813126,1.4872599790815333
5755,1,-0.2118812985433891,1.858248589309851,2.808447711480526
5756,1,0.2671410730674628,1.0862850271917233,2.3003279188199435
5757,1,-0.2992868634354904,1.3508560309855888,1.5183769397067848
5758,1,0.18620021491862226,1.3918432767983258,2.7870481082275105
5759,1,0.31697245396814266,1.636191398835027,3.4149060654906847
5760,1,-0.22725428265858394,0.6125773400771233,3.8993595218247874
5763,1,-0.571090914307854,-1.0146764426406945,4.544165453047574
5764,1,-0.7032196208967556,-0.392948664550935,4.381691489588641
5765,1,-0.5415257433605023,0.07521869090444455,4.305831321425628
5789,4,3.760947651897236,-0.3548944442836066,0.17594046515112244
5790,4,2.67734315651113,-0.9028204404793165,-0.23421230479061622
5791,4,2.1392766419570606,-0.8952727047993441,-0.5699044808736419
5792,4,2.5805580554623364,-0.3944495248011761,-0.4034617188006262
5793,4,2.701348766703747,-0.5016275970151087,0.21712575934196343
5794,4,2.554769317466226,-1.1790283167032096,0.9825665949582126
5795,4,3.0701400373268277,-0.2944257748595396,0.8405907680257619
5796,4,2.8948612302740124,-0.5639245738919578,0.870293649480217
5797,4,2.131106333637671,-1.2768909305855312,0.46145711786856775
5798,4,2.3358853429858657,-1.6979377651797152,0.7947267599855994
5799,4,1.7211267244840256,-1.3766325979937575,0.5259961170632652
5800,4,1.7879283259854595,-0.7163249901533812,0.15032631946126773
5801,3,1.0647689052448788,-1.260449869086205,0.15254200672872856
5802,4,0.7619813526034641,-1.5021449501467041,0.5262151268688047
5803,3,1.305266128522869,-0.8124101116178974,1.2534494698250012
5804,3,2.0930559406244083,-0.06247476755622827,1.2529377781516142
5805,3,2.0986216154373434,-0.5662522393189853,1.0107199157807376
5806,3,2.1022682765939997,-0.2667767846524485,-0.15424946622968
5807,3,2.090325630967193,0.17623251798851935,-0.49992828969241443
5808,3,2.003406797646306,0.1655336703445175,0.2783531994549798
5809,3,2.040520199981909,1.051617257557655,-0.23686734046999103
5840,1,-0.45232058583747103,0.9928830789571628,1.4140662610906976
5841,1,-0.6222791623296079,1.8326435710286695,0.3849533370865623
5842,1,-0.33678463124442093,1.643101871871707,0.9088549388000409
5843,1,0.02944540232781001,1.305054980740879,2.224840415170619
5844,1,0.6482031730011506,1.8096325976448127,2.528732937533516
5845,1,-0.22304217978615037,1.3886990145263909,2.010152482204136
5846,1,-0.22814944056274522,0.9713802205601865,2.2571075190992076
5847,1,-0.6364651603677622,1.2696325963256263,2.048963827969393
5848,1,-0.5156452233151143,0.698880305416572,4.022323020408443
5878,4,4.27003279080871,-0.5589666524656249,0.8584406072126873
5879,4,3.4280238115236212,-0.4607277710137494,-0.2226721065737836
5880,4,3.0307827090255866,-0.15502716430289798,-0.5238230251820719
5881,4,2.4500995958836658,-0.446700629976468,-0.4695015650540083
5882,4,2.0522516130948336,-0.8377293620571538,-0.2476997677099624
5883,4,2.1930248005693356,-0.8125735249644366,0.02152658772045926
5884,4,3.1829053484259013,-0.31108904274410243,0.9239064958424114
5885,4,2.643979526321651,-0.4449301951324911,0.583019299412992
5886,4,2.8725717089246596,0.11969929689935244,-0.07640310028007782
5887,4,2.504462048776712,-0.41341734594803947,0.05507847896530746
5888,4,2.4793453083409585,-0.3614645379608923,0.38847889745846975
5889,4,1.7032371301270368,-0.9254995463576756,0.4878186805488254
5890,4,0.9137891483545467,-1.4382771496713378,0.5932451856843477
5891,4,1.4305904731977601,-1.0528423792733677,0.5901551865651591
5892,3,1.8247681338820114,-0.9626219276584145,1.147969800337211
5893,3,2.583547279983766,0.3985656567925058,0.6001545838048137
5894,3,2.145694704510965,-0.9439057912518428,1.0261626929293177
5895,3,2.0806452034976415,-0.30886794835150666,0.09266127911942443
5896,3,2.224330447741226,0.3256608831744021,-0.34877759705268185
5897,3,2.0200592784230933,0.35951232477811,0.13150895304840526
5916,1,0.34559281691707877,0.4087841895846608,1.0703751752843944
5917,1,0.37981097400903086,0.5382986718411767,0.13296068508024142
5918,1,0.3222793447935616,0.4553377135300244,0.5163851623509108
5919,1,0.14206541089595287,0.7758663352943256,0.22362234013821145
5920,1,-0.17772818588178588,0.7537471174467664,0.4890737090547801
5921,1,-0.8843116239560215,0.16618035611437315,-1.2352663778103792
5925,1,-0.8555519030249747,0.33042766284945024,1.1474236290093633
5926,1,-1.113471285925073,0.27334401153344734,1.745067091101375
5927,1,-0.9363045516566848,-6.49781049939735e-4,0.34537900072945604
5928,1,-0.6913439756305136,0.7275290795046387,1.5840964862568856
5929,1,-0.1881711623901221,1.58996460463619,1.4820878039422236
5930,1,-0.20952945841488757,1.9473030341834865,0.830993394877583
5931,1,0.8876811645108336,1.4963285539776479,2.6045986265210015
5932,1,0.42746693757780707,0.8020485746344983,2.7215603556530388
5933,1,-0.16327915206301602,0.5121710395590071,2.8134377400529864
5934,1,-0.3284456204626906,0.38170472073523676,2.6668666848223577
5935,1,-0.7674680946014468,0.5849844898229403,2.3755989469059604
5936,1,-1.1343370056076743,0.8571519583863796,2.8436612669117003
5937,1,-0.4189341759378511,-0.36371523243444326,4.671475330741189
5967,4,4.243204393768748,-0.7066728772300699,2.133173794581134
5968,4,3.1775154059393778,-0.8878084143274809,0.6331013974731459
5969,4,2.9015227495568254,-0.5629665453422543,-0.041129465222542794
5970,4,2.5242902251445645,-0.46574718810600513,-0.04794762678804684
5971,4,1.8721186936750307,-0.9449388826363466,-0.27075639632275245
5972,4,1.2032869441644454,-1.3907617726200483,-0.3475218474301741
5973,4,2.093238765570992,-1.0076552798382405,0.2707966756784216
5974,4,1.992806346279464,-1.4138862436459545,0.6905106991761636
5975,4,2.0720858334082197,-0.8992492832360767,0.1946616075316545
5976,4,2.3467322119674185,-1.0292063270733416,0.5955492099485622
5977,4,2.6240170347337375,-0.5416177648559564,0.4119595386128847
5978,4,1.9508455448205086,-1.1747176845589058,0.6380291230358337
5979,4,2.4360524297401307,-0.8101080484424373,0.9726686147815545
5980,4,2.8398980923631414,-0.2242988249618898,1.2535718481943434
5981,3,2.7081915258131177,-0.44132106737018284,0.9974423093152359
5982,3,2.550356119649763,-0.14278208774419454,0.6983437817336
5983,3,2.0941857410129607,-0.8132102529340698,0.651497078406317
5984,3,1.9200340662028248,-0.23660311676157075,0.1662067963339226
5985,3,1.8976017492007178,-0.08496775288428915,-0.10068167938106437
5986,3,1.7247326137422672,0.029337795112619025,0.3014394100477229
5987,3,1.736335997687001,0.2672822769770262,0.35897282076019305
6005,1,-0.48454531395366573,0.010611780663183606,-0.6687116161810737
6006,1,-0.5257809584068851,0.37561085856523824,0.5466692799240385
6007,1,-0.6273723092297294,1.0508747809891703,0.8423357999475902
6008,1,-0.08605648193775517,1.5967626353427389,1.6271185053085273
6009,1,-0.21692478711716967,1.964703788107223,0.7192577996019847
6010,1,-0.7558000985171106,1.6377580789239627,0.5364604551819616
6011,1,-1.2451915608227377,1.4945230914738257,-0.3211051714809977
6012,1,-1.1088778763743645,0.6722150989675377,0.8795645820445384
6013,1,-0.8073157725966278,0.4166150053174318,1.510105945486448
6014,1,-0.7128743219679132,0.9914574664432994,2.8084147470084186
6015,1,-0.31094596890645476,2.314191111153275,1.289944395395845
6016,1,-0.014122599697171445,2.151619804539238,1.3122751261228367
6017,1,-0.11854289694362341,2.062731791526622,0.8982426250519046
6018,1,-0.2229539674777774,1.9023606640333397,1.4526645403780045
6019,1,0.010455343110088444,0.7432050988371994,2.700195018425935
6020,1,-0.9160916561186178,0.5265461711419692,1.8893307511461497
6021,1,-0.4951272157090103,-0.6938076635667052,3.2085182394325384
6022,1,-0.55906586837548,-1.183856709731338,3.661405764352614
6023,1,-0.38605532621844196,0.3090274465565832,2.8326501305425813
6024,1,-0.9064652496340011,1.0523680520361784,2.286366401249533
6025,1,-1.0211834497418495,0.18837038466408673,3.9350255808993992
6057,4,3.693768857510923,-0.6038608318878183,-0.03464018245395989
6058,4,3.2840679420927525,-0.35207261736212203,0.07313798372787006
6059,4,2.530554779129348,-0.24945897120672234,-0.5092388355236143
6060,4,2.657840261931951,-0.570367889268306,0.10494883241131794
6061,4,2.2704663263336196,-1.2735090137745848,0.43379505859638684
6062,4,2.621596375283171,-1.146384311798124,1.1419531375399652
6063,4,2.689883492503211,-0.5925084496262001,0.5029370792495556
6064,4,1.594897936013782,-1.252302413669368,-0.17933487156624398
6065,4,1.5758376747716765,-1.3624427310394407,0.11836078389456875
6066,4,2.202611769448076,-1.0732307304640298,0.5044292457002406
6067,4,2.2508712608328056,-1.112724797801762,0.6878484585758723
6068,4,2.57299790423471,-0.2922320115285839,1.0797608366944023
6069,4,2.159174702917947,0.1474013623903918,0.22487654402045829
6070,4,2.62802891582319,0.1152871358750105,0.6678939039068322
6071,4,2.8227970690528874,-0.14158919413123638,0.8758666995704685
6072,3,2.57496973190541,-1.1289747445199667,1.4725674158196735
6073,3,2.534790229273924,-0.6419915351301353,1.2068273077688163
6074,3,2.1576428076258822,-0.2788536484588785,0.16315903039626498
6075,3,2.1339077134627646,0.13361372525040904,-0.021955969260393615
6076,3,1.9272077355191608,-0.06732065134645904,-0.0044642692235551396
6098,1,-1.356511896788124,1.4589436751337639,-0.2083917104774743
6099,1,-0.9627866679914234,2.3168330323460107,-0.36492959121088336
6100,1,-0.09916200899201777,1.7239626166006892,1.2241231231932075
6101,1,-0.7626066582547478,1.0036458634842467,0.5718242474649395
6103,1,-0.6956308596696116,1.7478121010322332,0.12759079922035696
6104,1,-1.1402825531926524,2.4356975372234584,0.09943125721253215
6105,1,-0.6223015586244443,2.016539307534611,1.220615284487993
6106,1,-0.42265994538261403,1.494645568891672,0.9294174001202228
6107,1,-0.34115038015726795,-0.11277014121432938,2.197723445889745
6108,1,-0.31624272649963164,-0.46048498023689755,2.3530364806445814
6109,1,-0.3040436254495051,-0.7061732420809157,3.1041655831345127
6110,1,-0.39652683514389203,-1.2165825900530276,2.401032142384316
6111,1,-0.41370801495205356,-1.5123291485233656,2.3096632191071875
6112,1,-0.7617387243929535,-0.41026167649808865,3.5153919159281095
6113,1,-0.8097411077227775,0.9021986116872471,3.490503083923345
6114,1,-0.47882646031524445,-0.609515847149148,4.607168930524359
6146,4,3.5648651054084315,-0.7439126001592815,-0.025049497351304517
6147,4,3.192817708644338,-0.35989286501128803,-0.16483623446564488
6148,4,3.1917341173145823,-0.029195141372699185,-0.26412860004895744
6149,4,2.425142400642319,-1.254895653394418,0.3187125611463518
6150,4,2.7200683495169145,-0.5835653632680733,0.4776302911257505
6151,4,2.724688146711471,-0.22150097699124927,-0.17457155099250457
6152,4,2.072881815148673,-0.6784123190189206,-0.45943619140301
6153,4,1.2101233984310424,-1.3396883886322022,-0.7086411167536001
6154,4,1.4580508830386594,-1.0393608237199403,-0.48089799045448595
6155,4,1.8686632042211846,-0.634015535050376,-0.13803968048442797
6156,4,1.690352075522288,-1.071830643262604,0.018897346360664147
6157,4,1.7787097534617344,-1.2558306726391137,0.3681242221663917
6158,4,2.6642461942872533,-0.2537864993641412,0.966309321884935
6159,4,2.52934098211585,0.19907328890846965,0.6454371680179276
6160,4,2.080957122326084,-0.14885996214273967,1.023301784295368
6161,3,2.855035119563406,-0.6220874823858886,1.8258233038797818
6187,1,-0.47010374895193374,1.0788740156565446,1.8464083240802243
6188,1,-0.6347737423885675,0.3946377118430514,-0.030523305059600436
6193,1,-0.7484175891270862,1.8415072192481263,0.7801650809326123
6194,1,-0.7566881214839355,1.5845508703462101,0.058273150904053383
6195,1,-0.38044611983013915,1.8536572139424778,-0.41910230210173627
6196,1,-1.0372211958281186,1.1621872497392849,0.8905267726272992
6199,1,-0.0033066175684537957,-1.439576132186487,1.7827339483369042
6235,4,3.934510303571229,-0.3027769044461921,-0.13210756322296013
6236,4,3.1197836756413784,-0.650127240814611,-0.05110143363180131
6237,4,2.941569084859225,-0.6894504615197918,-0.05721798858009214
6238,4,2.5101767289570516,-1.0223394334696305,0.025339291412045495
6239,4,2.4170614966966855,-0.710748663834067,0.03540989865609162
6240,4,2.2221576388422357,-0.9289593791123721,-0.07465940201118948
6241,4,2.1055743649093275,-0.7664933416193691,-0.35653195856229947
6242,4,1.712849938402466,-0.8648125234610333,-0.4978547605160896
6243,4,0.4955999454686529,-1.6169629075590468,-0.9216561991692799
6244,4,1.3573847380049995,-1.1918711918790885,-0.04891206930990061
6245,4,2.008464454158042,-0.7256346158166416,0.2230279872746362
6246,4,1.724048856896856,-1.3189137512004183,0.42887200324635955
6247,4,2.0722666040917956,-1.1357910948958105,1.0469072294625297
6248,4,2.257071243644055,-0.5329596183714609,0.8291212485481281
6249,4,2.029525271394858,-0.11714647037235282,0.6751066450147123
6250,4,2.2976166513986223,0.309706006807025,0.9186567953144085
6251,3,2.2624891215120657,-0.8613116069197814,1.1030582522191343
6281,1,-0.7880040528835313,1.0974742343683686,-0.19571737038652
6282,1,-0.7465510854426821,2.410427837988461,-0.182632060211713
6284,1,-0.6050130579327727,1.6606037315306899,-0.05291881447859323
6285,1,-0.8525182952240156,1.4758463106011257,0.9217108353943477
6324,4,3.7711231515358503,-0.641403181161101,0.030180863863738083
6325,4,2.700561556291154,-1.275231712615255,-0.20746774479254843
6326,4,3.007161665467885,-0.8517748587223821,-0.010879311726285479
6327,4,2.5613456486707706,-0.8435054384457754,-0.09492061878453956
6328,4,1.6379358096845364,-1.3758600006049495,-0.31350715003765606
6329,4,2.2031542668750648,-0.691569209096764,-0.6760767792655932
6330,4,2.7681648135737236,0.06516484542692735,-0.3471281111116157
6331,4,2.563822254601302,-0.05437254406756309,-0.33795567303799634
6332,4,2.3078353377922864,-0.12761591697828623,-0.12359654136533621
6333,4,1.7092425112252885,-0.5974054218155983,0.0626899579990215
6334,4,1.8565038039145074,-0.9766098377474061,0.5825752875399154
6335,4,1.942496645410946,-0.755076941258118,0.6778349121501329
6336,4,2.173555428453055,-0.48592793797162503,0.5079468602549047
6337,4,1.9304589581341598,-0.4668148324671211,0.27178536428552696
6338,3,1.9824353276308142,0.30022047104433747,-0.10785578867974586
6339,3,2.0137387766584856,0.9053313989701357,0.21480611658944035
6340,3,1.7538578834054037,0.7489781132292517,0.1988739080503405
6415,4,2.6811127645226547,-0.6827891455930082,-0.4280946366313678
6416,4,2.8586750424679814,-0.15378476540402164,-0.21841758950324525
6417,4,2.3915455144141817,-0.21567680088778673,-0.686590812728174
6418,4,2.1650250587527076,-0.7068856834315995,-0.3764413327327827
6419,4,2.183476433761082,-0.1825167918811259,0.04073932104958372
6420,4,2.2115717227854,0.7676102912104139,0.22152499459497596
6421,3,2.2679623606421013,0.7580176774199074,-0.32841919754503457
6422,4,1.8931479016462816,-0.14307828620045737,-0.057796197643823294
6423,4,1.8284165751154284,-0.050291075290559206,-0.07815372195054474
6424,4,2.2952299041217374,0.5700603098226997,-0.15420974953172611
6425,3,2.2644616394393897,0.629497784734277,-0.11412985177938843
6426,3,2.355392886112038,1.0983909267070664,0.06643389071149194
6427,3,2.131842400800898,1.1644648687630408,-0.3407622730639033
6428,3,1.240244831162341,1.378660197308354,-0.7032283438503177
6506,4,2.1603731030969873,-0.29919285484478064,-0.1319258724452378
6507,4,1.7144690322897675,-0.6427049175671552,-0.49927356361122693
6509,4,1.2858807429123214,0.3728645710161765,-0.015557245836022866
6510,4,1.8326560815780626,0.06808244382815609,0.20467140117031976
6511,3,1.6877089111793047,-0.19071761135979326,-0.2510393975329618
6512,3,1.6695949073289562,0.5116761238164529,0.11900012085266276
6513,3,1.2945308939671487,0.36626181316630957,0.2791923885302809
6514,3,1.533106099615471,0.41624439195909224,-0.11233494162615769
6515,3,1.555404783694286,0.6084485676375302,-0.164575030621234
